2019,1,6,9.4,.5,4.7,98.7,45.4,85.1,.14,10.97,0,11.2,6.2,8,12.1,11.7,11.9,2,.4,268,73,5.4,0,1.1,1,.72,2.2
2019,2,6,10.2,-1.2,3.5,87,28.6,58.7,.36,13.18,0,10,3.8,6.3,11.8,11.2,11.5,2.1,1.2,318,52,5.8,0,1.9,1.6,.44,-4.4
2019,3,6,11.8,-3.7,3.3,96.3,32.8,72.1,.29,13.49,0,10.6,3.4,6.5,11.3,10.8,11,1,0,172,79,3.1,0,1.6,1.1,.53,-2
2019,4,6,17.5,-2.4,6.2,95.6,28.4,69.8,.41,13.59,0,12,3.8,7.4,11,10.6,10.8,1,.2,161,75,3.8,1,1.9,1.5,.62,0
2019,5,6,18.2,-.4,8.9,96.3,40.5,71.6,.44,9.1,2.29,12.2,5.3,8.7,11.1,10.8,10.9,1,.3,236,67,7.4,1.3,1.2,1.3,.79,3.4
2019,6,6,14.1,5,9.8,98.9,66.2,89.7,.14,6.97,10.16,12.7,9.4,10.8,11.8,11.1,11.5,1.2,.5,197,62,4.6,.2,.6,.9,1.08,8.1
2019,7,6,16.2,1.4,7.8,99.9,51.6,87,.2,12.79,0,14.1,6.8,10,11.9,11.7,11.8,.9,.1,295,75,3.4,.7,1.6,1.2,.91,5.5
2019,8,6,20.1,1.4,9.5,99.2,40.1,80.6,.34,13.63,0,14.9,6.6,10.4,12.1,11.8,11.9,.7,.4,185,54,2.9,2,1.9,1.4,.93,5.7
2019,9,6,20.1,4.9,11.4,97.4,34.2,75.4,.44,9.01,0,14,8.7,11,12.4,12.1,12.2,1.3,.5,80,63,5.5,2.3,1.3,1.6,.98,6.6
2019,10,6,18.5,6.4,11.2,95.7,47.8,80.4,.31,6.8,0,13.6,9.6,11.3,12.6,12.4,12.5,1.2,.9,167,41,3.4,1.8,.6,1.3,1.05,7.7
2019,11,6,19.5,2.3,10,98.7,43.8,81.5,.31,13.29,0,16.8,7.8,11.7,13.3,12.1,12.7,.9,.3,190,66,2.7,1.9,1.8,1.4,.98,6.5
2019,12,6,19.8,1.5,10.7,98.8,29.3,74.2,.47,12.18,0,14.7,8.5,11.7,13.1,12.9,13,1.5,.5,202,66,10,1.9,1.9,1.7,.9,5.3
2019,13,6,16.4,5.4,10.9,99.1,57.7,84.9,.23,11.6,.25,15.9,10.2,12.6,13.3,13,13.1,.9,0,79,79,2.8,.9,1.4,1.2,1.09,8.2
2019,14,6,21,7.2,13.1,95.6,43.4,77.1,.44,12.26,0,16.4,10.4,12.9,13.4,13.2,13.3,1.2,.7,105,53,6.5,2.8,2,1.7,1.13,8.7
2019,15,6,19.3,8.2,13.6,97.3,42.8,74.6,.45,6.36,0,14,11.8,12.9,13.7,13.4,13.6,2.3,1.6,152,43,6.4,2.3,1.1,1.7,1.13,8.6
2019,16,6,20.1,7.1,12.4,100,50.7,84.3,.31,13.46,0,17.2,10.6,13.2,13.8,13.5,13.6,1,.1,5,77,4.3,2.5,2,1.6,1.19,9.4
2019,17,6,19.8,4.7,12.1,97.4,44.8,78.9,.38,12.12,0,16,9.5,12.7,13.9,13.6,13.8,1.3,.3,142,72,4.1,2.2,1.8,1.6,1.09,8.1
2019,18,6,20.4,8.9,14.5,89.6,45.4,70.7,.54,13.82,0,17.7,11.2,13.9,14.1,13.8,13.9,2.4,1.3,215,56,6.1,2.9,2.6,2.2,1.15,8.9
2019,19,6,21.1,3.1,11.6,89.6,16.8,53.8,.79,14.5,0,16.6,9.4,12.7,14.2,13.9,14,1.7,1,347,53,5.6,2.5,3,2.4,.66,.9
2019,20,6,21.8,1.4,11.1,87.4,19.3,55.3,.77,13.4,0,16.4,8.3,12.1,14,13.6,13.8,1.2,.6,160,58,4.3,2.7,2.5,2.1,.66,.9
2019,21,6,18.7,6.8,12.6,78.5,18.7,44.4,.86,11.77,0,15.6,10.5,12.5,13.8,13.6,13.8,3.2,1.8,252,54,10.2,1.9,3.3,3.2,.63,-.1
2019,22,6,16.6,2.7,9.9,68.9,20.4,42.9,.76,14.8,0,15.5,8.7,11.7,13.8,13.4,13.6,2.1,1.5,271,46,7.5,.9,3.2,2.5,.5,-2.9
2019,23,6,16,-1,6.9,82.1,16,49.4,.63,15.03,0,15.1,6.9,10.6,13.6,13.1,13.3,1.2,.3,218,71,4.1,.6,2.6,1.9,.44,-4.6
2019,24,6,19.4,-2,8.2,84.1,18.4,50.3,.7,15.28,0,15.1,6.8,10.6,13.2,12.8,13,1.5,.3,305,72,5.6,1.6,3,2.3,.49,-3
2019,25,6,20.5,-1.2,9.2,87.2,13.6,50,.77,15.3,0,15.5,7,11,13,12.6,12.8,1.2,.4,236,65,4.8,2.1,2.9,2.2,.51,-2.6
2019,26,6,21.2,-.1,10.3,83,11.5,43.7,.94,15.59,0,15.8,7.4,11.3,13,12.7,12.8,1.9,.6,322,66,7,2.4,3.6,2.9,.45,-4.2
2019,27,6,22.5,.2,10.4,81.9,13.8,45.5,.88,15.13,0,16.6,8,11.8,13,12.7,12.9,1.2,.3,165,71,4.1,2.9,2.9,2.4,.5,-2.7
2019,28,6,21.4,.2,11.1,80.2,17.1,48.7,.82,13.94,0,16.5,8.4,12.2,13.1,12.9,13,1.1,.3,152,70,3.8,2.5,2.5,2.1,.6,-.4
2019,29,6,21.5,5,12.6,79.4,22.1,52.7,.83,10.71,0,16.4,10.3,13.2,13.4,13.1,13.3,1.1,.1,211,76,4,2.9,2,2,.72,2.1
2019,30,6,22.3,6.9,14,78.7,23.4,51.9,.9,11.37,0,17.7,11.4,14.1,13.8,13.4,13.6,1.2,.1,110,78,4.4,3.5,2.3,2.2,.77,3.3
2019,31,6,23,5,14.3,79.3,24,52,.9,12.55,0,18,11.4,14.6,14.2,13.8,14,1.1,.4,94,63,3,3.5,2.3,2.1,.8,3.8
2019,32,6,22.2,10.5,15.4,90,32.5,62.3,.73,15.1,.25,19.7,13,15.7,14.7,14.2,14.4,1.7,1.2,146,41,7.2,4.1,3,2.5,1.07,7.8
2019,33,6,22.4,11.8,16.8,86.1,38.1,63.9,.76,12.31,0,19.1,14,16.1,15.1,14.7,14.9,2.6,2.4,146,23,8.1,4.5,2.8,2.8,1.19,9.5
2019,34,6,18.2,10,14.2,97.9,55.4,85.8,.25,5.52,8.64,16.6,14.1,15.6,15.3,15.1,15.3,2.3,1.8,172,38,8,2.1,.5,1.3,1.38,11.7
2019,35,6,18.2,8.7,13.4,99.1,45.8,79.3,.36,9.06,.25,15.8,12.9,14.2,15.3,15,15.2,2.2,1.5,195,43,10.4,1.9,1.4,1.7,1.2,9.5
2019,36,6,18.7,7.1,12.8,91.8,45,70.9,.49,13.64,0,15.9,10.6,13.1,15.1,14.6,14.8,3.9,3.7,164,21,9.6,1.9,2.9,2.6,1.02,7.3
2019,37,6,12.6,1.5,8.9,91.9,27,55.7,.52,17.06,1.78,14.6,9.4,12,14.7,14.3,14.5,3.4,3,250,26,10.1,0,3.3,2.3,.63,-.3
2019,38,6,12.9,-2.2,5,88.3,18.2,57.1,.47,17.41,0,14.4,5.8,9.7,14.3,13.3,13.8,1.5,.1,1,79,6.1,0,2.7,2,.45,-4.2
2019,39,6,19.3,-2.8,6.8,92.1,20,59.7,.56,17.36,0,16.5,5.7,10.5,13.4,12.5,13.1,1,.2,157,73,4.4,1.5,2.8,2.1,.53,-2
2019,40,6,15.1,1.5,7.3,88.8,23.9,64,.44,7.92,0,12,7.7,9.7,13.2,12.8,13,1.5,.4,212,68,6.3,.4,1.1,1.7,.63,.2
2019,41,6,18.2,-1.2,8,92.5,20.9,56.4,.64,17.44,0,14.3,5.5,9.4,12.8,12.2,12.5,1.4,.7,193,56,4.8,1.3,3,2.4,.53,-1.9
2019,42,6,15,2.1,8.8,72,14.3,41.5,.73,18.03,0,13,6.7,9.4,12.5,12.1,12.3,2.1,1.4,262,46,8.2,.4,3.5,2.7,.44,-5
2019,43,6,20,-3.6,7.9,85.9,14,48.5,.74,17.69,0,14.1,4.9,9.1,12.3,11.8,12,1.4,.4,1,69,6.7,1.8,3.4,2.6,.45,-4.2
2019,44,6,18.9,2.6,10.8,81.3,21.3,50.3,.77,9.96,0,13.4,7.2,10.2,12.1,11.9,12,.9,.1,314,78,3.4,1.7,1.7,1.8,.61,-.2
2019,45,6,16.9,10.4,13.3,98,43.3,81.8,.28,4.31,3.05,13.1,11.1,12.2,12.6,12,12.3,1.9,.9,118,60,6.5,1.5,.2,1.3,1.25,10.1
2019,46,6,19.7,10.6,14.9,99.3,48,75.5,.45,11.29,.51,17,12.3,14.1,13.3,12.6,12.9,1.6,1,225,48,5.7,2.8,1.9,2,1.26,10.1
2019,47,6,16.6,5.3,11.7,79,28.3,53.7,.68,16.19,0,16,10.2,12.6,13.4,13.3,13.4,2.8,2.3,241,34,10.6,1,3.5,2.8,.72,2
2019,48,6,15.4,2.2,9,83.2,24.2,51.7,.62,15.86,0,14.6,7.7,10.9,13.5,12.9,13.2,3.1,2.3,206,42,10.5,.5,3.4,2.9,.56,-1.2
2019,49,6,13.5,2.3,8.4,94.1,27.5,62.2,.45,14.09,1.02,14.3,9,10.8,13.1,12.7,12.9,2.4,1.3,206,53,7.4,.1,2.4,2.1,.66,.8
2019,50,6,13.4,.4,6.5,90.2,21,53.5,.52,18.38,0,14.6,6.5,10,12.8,12.3,12.6,2.5,2.1,246,33,9.1,.1,3.4,2.6,.48,-3.5
2019,51,6,15.4,-3.1,6.2,80.5,16.5,45.2,.62,19.47,0,15.1,5.3,9.9,12.5,11.9,12.2,1.7,1,135,51,5.9,.4,3.4,2.7,.38,-6.3
2019,52,6,11.1,5,7.7,97.6,35,74.8,.28,3.79,12.19,10.8,8.5,9.8,12.3,12.1,12.2,4.1,3.6,157,28,14.2,0,.6,1.5,.78,3
2019,53,6,9.6,3.6,5.8,97.6,63.8,87.5,.12,10.57,34.8,11.9,7.6,9.1,12.1,11.5,11.8,3.1,1.9,174,51,15,0,1.1,1.4,.8,3.8
2019,54,6,12.4,-1,5.4,100,41.4,79,.25,18.93,.25,14.2,5.3,9.2,11.6,11.1,11.3,1.2,.5,13,63,5.7,0,2.6,1.9,.69,1.5
2019,55,6,16,.2,7.5,94.1,40,70.2,.4,18.27,0,14.7,5.5,9.7,11.5,11.1,11.3,1.4,.4,322,176,4,.6,2.8,2.3,.7,1.7
2019,56,6,18.3,1.1,9.4,98.5,35.5,72.3,.43,17.87,0,15.7,6.4,10.8,11.7,11.4,11.5,1,.4,130,101,3.2,1.4,2.7,2.2,.82,4
2019,57,6,20.7,2.9,11.6,100,32.8,72.4,.52,17.63,0,17.1,7.8,12.3,12.2,11.8,11.9,1,.1,237,108,3.3,2.3,2.8,2.4,.94,6
2019,58,6,23.6,8.8,14.9,94.4,19.5,66.4,.72,16.34,0,19.5,11.4,14.6,13.1,12.2,12.6,1.2,.3,172,71,4,4.3,3,2.8,1.05,7.5
2019,59,6,25.1,4.8,14.6,94.3,23.3,64.3,.82,20.31,0,21,10.3,15.2,13.6,13.1,13.3,1,.3,142,67,3.5,4.4,3.8,3,.98,6.5
2019,60,6,25.3,8.6,16.4,92.9,29.8,65.2,.82,18.44,0,21.9,12.6,16.7,14.4,13.6,14,1.2,.4,129,66,3.8,5.1,3.6,3.1,1.15,8.9
2019,61,6,24.2,12.6,17.4,83,29.7,61,.87,13.37,0,20.4,14.4,17,15,14.4,14.7,2.2,1.2,158,54,6.8,5.7,2.9,3.3,1.17,9.2
2019,62,6,23.5,9.9,16.5,82.8,28.6,58,.9,20.75,0,22.3,13,17.2,15.4,15,15.1,2.1,1.4,228,48,7.7,4.5,4.6,3.7,1.03,7.4
2019,63,6,23.3,8.1,15.6,83.9,26.9,56.3,.91,19.68,0,22.4,13.2,17.4,15.7,15.3,15.5,1.4,.7,174,59,6.6,4,4,3.3,.94,6
2019,64,6,26.1,5.4,15.6,90.5,16.5,55.6,1.05,21.58,0,23,12.6,17.4,15.9,15.5,15.7,1.2,.1,13,79,4.4,5,4.4,3.5,.86,4.7
2019,65,6,29.8,10.4,19,84.5,9.7,44.4,1.51,20.04,0,23.9,14.6,18.7,16.4,15.9,16,2.1,.8,189,62,7.7,7.7,5.1,4.8,.85,4.2
2019,66,6,23.3,10.9,17.9,63.1,22.3,40.6,1.28,12.8,0,21,15,17.8,16.6,16.3,16.5,2,1.4,170,42,6.3,4.6,3.1,3.5,.81,3.6
2019,67,6,19.3,8.6,15.3,73.4,20.7,43.6,1,15.87,0,20.1,13.5,16.8,16.6,16.4,16.5,4.2,3.5,229,32,12.6,2.3,4.7,4.1,.75,2.2
2019,68,6,18.7,3.2,11.8,76.7,18.7,45.8,.85,18.47,0,17.8,9.7,13.6,16.6,15.6,16,1.6,.7,148,60,4.8,1.6,3.6,3,.59,-.5
2019,69,6,22.2,2.5,12.5,85.7,16.4,51.3,.89,21.41,0,18.2,9.3,13.5,15.7,15.1,15.4,1.8,.7,202,63,9.5,3,4.6,3.6,.67,1.1
2019,70,6,19.4,6.1,13.6,92.3,35,57.9,.72,11.66,2.03,16.2,11,13.6,15.3,15,15.1,2.2,1,275,59,8.7,2.1,2.5,2.7,.87,4.8
2019,71,6,16.5,8.9,12,96.5,51.8,83.6,.25,12.34,4.83,16.7,12.4,14,15.1,14.9,14.9,3.3,2.1,156,50,8.9,1.2,1.8,2.2,1.16,9.1
2019,72,6,19,7.1,13.4,89.1,16.7,51.9,.81,20.07,0,16.5,11.7,13.5,15,14.7,14.8,5.4,4.1,243,39,13.8,2,5.4,4.5,.75,2
2019,73,6,16.6,1.8,9.9,77.2,15.2,44.1,.78,23.34,0,18.6,8.1,13,14.8,14.2,14.5,1.3,.5,306,64,5.8,.9,4.4,3.1,.49,-3.1
2019,74,6,22.8,3.1,13.1,84.3,18.7,49.2,.94,19.59,0,18.3,9.1,13.7,14.6,14.2,14.4,2.3,1.9,47,35,8.6,3.2,4.6,4,.68,1.3
2019,75,6,24.3,8,17.6,66,23.6,39.6,1.31,22.59,0,20.7,11.8,15.9,14.9,14.5,14.6,4.9,4.5,61,24,12.9,4.5,7,5.9,.77,3.1
2019,76,6,25.6,8.4,17.6,73.1,21.7,46.6,1.22,22.84,0,22.5,13,17.3,15.5,14.9,15.1,2.7,2.4,57,27,8.4,5.2,5.7,4.9,.89,5.2
2019,77,6,28.4,6.9,17.9,86,13.7,46.9,1.4,23.32,0,24.2,13.3,18.3,16.1,15.5,15.8,1.3,.7,42,54,5.4,6.3,5.3,4.2,.83,4.3
2019,78,6,29.1,8.3,18.9,78.2,16.3,44.7,1.5,23.1,0,24.8,14.2,19.2,16.7,16.1,16.4,1.2,.6,82,58,5.9,6.8,5.4,4.3,.87,4.8
2019,79,6,29.1,9.6,19.7,76.5,9.1,37.2,1.69,21.05,0,24.2,15.6,19.6,17.2,16.7,16.9,3,1.9,179,48,10.2,7.1,6.3,5.9,.75,2.3
2019,80,6,19.4,9.4,15.2,69.6,24.6,43.2,1.03,15.49,0,20.8,15.6,18.2,17.4,17.2,17.3,2.3,2.1,218,28,6.9,2.5,3.5,3.6,.73,2.4
2019,81,6,22.4,6.1,14.6,73.3,21.4,45.3,1.04,24.13,0,23.8,13.1,18,17.3,16.8,17,1.5,.6,209,63,5.3,3.4,5,3.9,.7,1.8
2019,82,6,25,4.8,15.6,81.2,18.7,45.4,1.17,23.35,0,24.4,13.8,18.7,17.3,16.9,17.1,1.3,.6,146,61,4.6,4.4,5,4,.73,2.4
2019,83,6,26.8,7.7,17.5,74.7,16.4,40.6,1.38,24.38,0,25.4,14.9,19.7,17.7,17.2,17.4,1.6,.6,168,64,7.6,5.6,5.6,4.6,.74,2.7
2019,84,6,30.1,5.6,17.9,74.8,11.3,38.2,1.62,24.76,0,26,14.5,19.9,18,17.5,17.7,1,.1,153,77,4,6.8,5.6,4.3,.66,.9
2019,85,6,30.2,8,19.9,67.3,11.9,34.2,1.82,20.44,0,25.3,15.8,20.4,18.3,17.9,18.1,1.3,.3,185,70,4.6,7.4,5,4.4,.7,1.8
2019,86,6,28.3,10.9,19.9,69.1,12.2,36.7,1.65,14.35,0,23.5,17,20.1,18.5,18.3,18.4,1.2,.2,118,76,3.8,7.1,3.3,3.7,.78,3.4
2019,87,6,29.9,8.2,19.8,72.4,9.1,32.9,1.85,25.18,0,27.9,15.6,20.9,19,18.2,18.5,2.1,1.4,241,45,7.9,7.2,6.7,5.7,.64,.2
2019,88,6,27.3,8.2,18.7,60.6,9,27.6,1.75,25.63,0,23.1,14.9,18.8,19.2,18.8,19,2.1,1.3,234,50,7.9,5.9,6.8,5.6,.53,-2.1
2019,89,6,27.2,5.4,17.5,66.6,9,28.1,1.7,25.37,0,22.5,13.3,17.6,19,18.3,18.6,1.6,.4,350,69,6.1,5.4,6.3,4.9,.47,-3.6
2019,90,6,26.9,6.1,17.5,59.5,10.3,27.1,1.65,25.7,0,23.9,13.1,18.1,18.5,18,18.3,1.9,.4,291,72,8,5.4,6.5,5.2,.48,-3.3
2019,91,6,28.3,7.3,19,61.4,7.5,24.8,1.92,25.02,0,24.6,14.2,19,18.4,18.1,18.3,1.8,1.1,60,52,8.3,6.3,6.7,5.3,.46,-4.1
2019,92,6,30.6,8.8,20.6,48.8,10.6,23.4,2.1,24.17,0,25.6,15.1,20,18.6,18.3,18.4,3.2,2.4,186,41,10.5,7.7,7.6,7.1,.51,-2.4
2019,93,6,26,9.9,18.9,54.8,15.1,31.7,1.6,25.75,0,25.9,16,20.6,19,18.6,18.7,2.2,1.1,226,58,9.1,5.7,6.6,5.4,.66,1.1
2019,94,6,29.5,9.4,19.5,62,10,31.7,1.79,21.95,0,25.5,16.4,20.5,19.1,18.9,19,2.7,1.9,176,45,9.4,7.3,6.3,6.1,.63,.2
2019,95,6,27,9.8,19.6,63.3,17.5,33.5,1.65,25.38,0,27,16.5,21.4,19.4,19,19.2,2.1,1.1,212,55,6.3,6.2,6.5,5.4,.73,2.4
2019,96,6,26.6,14.3,20.2,63.3,25.5,41.6,1.47,21.46,0,26.6,18.6,22.2,19.9,19.5,19.6,2,1.2,229,64,6.3,7.7,5.2,4.9,.95,6.2
2019,97,6,31.5,12,21.3,65.5,10.6,35.3,1.93,26.13,0,28.9,17.7,22.9,20.2,19.7,19.9,1.8,.8,204,60,6.5,8.9,6.7,5.9,.79,3.3
2019,98,6,35.1,11,23.2,64.3,8.7,27.9,2.45,26.3,0,29.2,18.5,23.5,21.1,20.2,20.4,1.3,.3,173,72,4,9.6,6.8,5.7,.68,1.4
2019,99,6,35.8,16.2,26.4,39.4,9.5,19.9,3.03,25.05,0,24.2,18,21.1,21.4,21,21.1,3.9,2.7,214,45,10.1,11.9,9.1,9.1,.63,.2
2019,100,6,24.1,15,19.8,26.2,8.6,16,1.98,27.19,0,24.3,15.4,19.5,21,20.2,20.6,5.5,5.2,268,21,14.3,6.7,9.7,8.5,.36,-7.4
2019,101,6,24.8,10.6,18.4,32.1,9,19,1.8,25.7,0,25.1,15.3,20,20.4,19.8,20,2.9,2.4,237,40,9.9,5.3,7.3,6.3,.38,-6.5
2019,102,6,23.4,12.9,18.7,56.6,17,28.6,1.58,20.19,0,26,18.1,21.2,20.2,19.9,20.1,2,.6,106,67,8.1,5.4,5.2,4.8,.6,-.4
2019,103,6,26.3,7.3,17.3,73.3,14.6,40,1.39,27.34,0,27.9,16.4,21.7,20.4,20,20.2,1.3,.2,216,74,5.9,5.3,6,4.8,.71,1.9
2019,104,6,30.1,9.3,20.9,51.7,11.7,26.6,2.03,26.08,0,28.8,17.5,22.8,20.8,20.4,20.5,1.5,.6,128,65,6.4,7.5,6.5,5.5,.61,-.2
2019,105,6,31.3,10.3,21.8,66.6,10.5,28.1,2.13,25.62,0,28.7,18.7,23.6,21.3,20.8,21,2.8,2.3,188,36,10.3,8.2,7.7,7,.66,1
2019,106,6,26.8,14.1,19.4,73.2,16.2,40.3,1.43,21.23,0,26.3,19.9,22.9,21.5,21.3,21.4,4.3,2.6,206,50,11.1,7.7,6.6,6.7,.86,4.5
2019,107,6,24.6,11.7,17.8,95.7,30,64.7,.85,26.7,7.87,26,18,21.8,21.5,21,21.3,2.2,1.5,228,46,61.6,5.5,5.5,4.9,1.24,10.1
2019,108,6,31.9,10.3,21.1,88.5,14,46.6,1.68,28.01,0,31.6,16.9,23.4,22.4,20.9,21.5,1.4,.3,142,73,5.2,8.5,6.4,5.7,1.02,7.1
2019,109,6,37,11.4,24.7,80.7,5.5,34.4,2.62,28.71,0,27.5,18.8,23.1,22.5,22.1,22.3,1.5,.2,117,75,5.4,10.1,7.5,6.6,.84,4.1
2019,110,6,33.7,18.3,25.9,36.2,8.8,20.4,2.84,27.91,0,29.3,17.9,23.3,22.4,21.9,22.2,3.5,2.7,188,39,8.4,12.5,9.2,8.7,.64,.5
2019,111,6,31.9,14.4,23.8,57.7,10.3,25.2,2.41,28.53,0,30.7,19.5,24.8,22.6,22.1,22.3,2.7,1.4,215,57,8.2,10.1,8.4,7.5,.67,.9
2019,112,6,29.5,12.7,21.8,53.2,10.7,26.1,2.1,28.38,0,31,19.8,25.1,22.9,22.5,22.6,1.8,.5,195,69,6.9,8.2,7.3,6,.63,.3
2019,113,6,29.9,13.6,21.8,58.2,13.8,32.7,1.91,23.14,0,30.5,20.8,25.2,23.2,22.8,23,2.1,.5,110,72,9.6,9,6.2,5.8,.8,3.6
2019,114,6,33.8,12.1,23.1,71,11.3,36.3,2.15,28.15,0,32.2,20.6,26,23.5,23,23.2,1.5,.7,238,59,6.8,9.6,7.2,6.1,.89,5.1
2019,115,6,37.3,16.7,27.1,36.5,10.5,22.7,3.06,28.07,0,32.4,22.1,26.9,24.9,23.5,23.9,1.9,.8,125,100,6.3,12.3,8,7.3,.75,2.7
2019,116,6,37.6,18.6,29.1,43.9,9.5,19.2,3.51,28.24,0,28.6,20.3,24.4,25.1,24.4,24.7,2.4,1.3,206,55,6.9,13.2,8.6,8,.71,2
2019,117,6,36.2,16.2,27.2,38.9,7.4,19.1,3.18,29.22,0,31.3,19,24.8,24.4,23.7,24,2.3,1.3,184,52,6.7,11.9,8.8,7.8,.62,.1
2019,118,6,36,17.2,27.2,30.6,8.7,17.5,3.2,28.76,0,32.6,21,26.6,24.3,23.8,24,2.4,1.5,189,51,7.3,12.3,8.8,8,.6,-.3
2019,119,6,30.1,17.5,24.9,51.6,11.9,24.6,2.44,14.09,0,27.4,23.6,25.4,24.6,24.3,24.5,4.3,3.5,181,34,15.4,11,6.2,7.4,.75,2.8
2019,120,6,29.5,13.8,21.4,80.9,22.8,46.2,1.54,28.42,0,31.1,20.6,25.5,24.4,23.8,24.1,1.9,1,181,56,7,8.8,6.8,6,1.1,8.3
2019,121,6,31.1,13.2,22.6,66.9,15,35.2,2,28.76,0,32,21.3,26.3,24.4,24,24.2,1.9,.7,211,64,6.2,9.3,7.3,6.4,.88,4.9
2019,122,6,30.9,14,22.8,49.4,12.8,27.6,2.21,21.79,0,29.7,21.5,25.6,24.6,24.2,24.4,1.8,.7,187,63,5.2,9.6,5.8,5.8,.7,1.8
2019,123,6,33.9,12.8,23.9,51.3,8.3,24.1,2.58,29.56,0,32.3,20.9,26.3,24.5,24.1,24.4,1.6,.6,223,64,9.3,9.9,7.9,6.6,.62,0
2019,124,6,35.2,15.9,26,36.7,9,19.7,2.95,29.2,0,33.2,22.1,27.4,24.9,24.5,24.6,2.1,1.2,192,54,6,11.5,8.4,7.5,.61,-.1
2019,125,6,34.2,16.8,25.7,38.4,8.7,18.7,2.9,26.76,0,32.5,23,27.7,25.2,24.9,25,2.3,1.4,168,51,5.4,11.9,7.8,7.4,.57,-.9
2019,126,6,29.4,15.7,22.5,36.2,15.5,24,2.15,22.19,0,27.5,20.1,24.5,25.4,25.1,25.2,3.4,3,183,27,9.8,9.8,7.1,7.3,.65,.7
2019,127,6,26.8,12.7,20,61.2,19.5,38.7,1.54,25.98,0,24.4,17.3,20.6,25.1,23.6,24.2,2.3,.7,236,66,9,6.9,6.3,5.8,.86,4.7
2019,128,6,30.8,14.4,21.7,62.1,17.1,39.7,1.75,27.59,0,27.7,17.4,21.9,23.6,22.8,23.2,2.7,.4,208,76,10.8,9.7,7.6,7,.97,6.4
2019,129,6,30.5,12.8,22.8,74.3,12,37.3,2.01,24.35,0,28.5,19.1,23.2,23.4,22.8,23.1,1.8,.8,203,59,7.3,8.9,6.3,5.8,.91,5.4
2019,130,6,28.9,14.2,22.4,67.5,17.3,37.8,1.81,26.99,0,23.7,18.5,21,23.5,23,23.2,2.9,2.3,198,37,8.8,8.7,7.5,6.7,.97,6.5
2019,131,6,29.3,13.7,22,73.7,20.5,42.2,1.7,28.72,1.52,29.6,17.7,23.3,23,22.5,22.8,1.9,1,156,56,10.2,8.7,6.9,6.1,1.04,7.5
2019,132,6,29,14.2,21.4,92.8,24.2,55.5,1.3,23.09,0,29.9,20.1,24.3,23.5,23,23.2,2.7,1.1,133,62,11.3,8.9,5.6,5.7,1.31,10.9
2019,133,6,33.3,12.8,23.6,85.4,17.5,46,1.89,29.28,0,32.5,20.2,26,23.9,23.3,23.5,1.5,.6,189,63,5.7,9.7,7,6.3,1.21,9.6
2019,134,6,35.8,18.1,27.7,55.1,12.2,30,2.87,29.36,0,34.6,22.8,28.4,24.9,23.9,24.3,1.8,1,162,56,5.4,12.7,8,7.2,1.01,7.1
2019,135,6,36.8,19.6,28.7,46.1,9.3,23.9,3.26,27.75,0,34.6,24.3,29.3,25.7,24.9,25.2,2.6,2,184,37,7.8,13.5,8.6,8.3,.87,4.6
2019,136,6,33.7,20.2,26.4,41,8.8,23,2.81,26.55,0,28.5,21.8,25.9,26,25.6,25.9,4.8,3.7,200,40,12.1,13.3,10.2,10.1,.73,2.2
2019,137,6,27.4,13.8,20.7,47.6,11.1,25.5,1.93,30.36,0,24.3,17.6,21.1,25.8,24.3,25,3.2,2.8,248,27,9.4,7.8,8.4,7.5,.58,-.8
2019,138,6,30.4,10.8,21.8,54.1,9.3,24.2,2.22,30.09,0,29.8,17,23.1,24.3,23.4,23.8,1.5,.5,223,66,6.4,8.1,7.7,6.2,.55,-1.6
2019,139,6,28.5,16.2,22.6,47.4,13.2,26.7,2.11,18.37,0,26.7,20.6,23.6,24,23.7,23.9,3.4,2.1,229,51,9.6,9.6,6.3,6.8,.7,1.8
2019,140,6,24,12.7,18.5,47.7,17,32.5,1.49,25.09,0,26.6,20.1,23,23.9,23.5,23.7,4.1,3.8,241,21,11.6,5.6,7.3,6.7,.67,1.1
2019,141,6,28.1,10.5,20.2,61.4,12.9,33.6,1.73,30.04,0,28.2,18.7,23.4,23.7,23.2,23.5,4.2,3.3,207,38,12.9,6.9,8.9,7.8,.74,2.5
2019,142,6,24.1,13.9,18.8,52.6,22.2,36.1,1.45,25.92,0,27.6,20.4,23.8,23.7,23.4,23.5,3.1,2.4,232,39,9.6,6.2,6.7,6.2,.76,3
2019,143,6,25.4,11.3,18.8,89,20.1,41.8,1.4,30.27,0,28.1,20,23.8,23.9,23.4,23.6,2.7,.9,220,65,8.3,5.7,7.2,6.3,.83,4
2019,144,6,30.2,12.1,21.8,58,11.3,28.1,2.12,30.57,0,25.8,17.6,21.7,24,23.3,23.6,1.8,1,328,55,5.4,8.5,7.7,6.6,.64,.5
2019,145,6,33.8,11.3,23.9,51.3,5.3,20.9,2.67,31.13,0,29.3,16.8,22.8,23.4,22.8,23.1,2.3,1.6,195,43,8.8,9.4,8.8,7.8,.53,-2.3
2019,146,6,28.9,14.1,22.6,47.8,18.2,27,2.09,30.25,0,29.1,19.8,24.4,23.6,23.2,23.4,3.8,3.2,190,31,13,8.7,9.2,8,.73,2.4
2019,147,6,25.9,14.7,20.3,50.6,13.5,30.5,1.73,28.58,0,29.1,21.1,24.7,23.9,23.6,23.8,3.2,2.9,235,27,9.1,7.5,7.8,7,.7,1.5
2019,148,6,29,11.3,20.8,44.4,11.9,24.6,2.03,27.96,0,30.2,19.6,24.9,24,23.7,23.9,1.6,.4,229,71,6.1,7.6,6.9,6,.56,-1.4
2019,149,6,32.3,13.8,23.6,42.5,12.4,23.9,2.46,30.45,0,32.7,20.7,26.5,24.5,23.9,24.1,1.7,.6,167,64,5.8,9.9,7.9,6.8,.64,.6
2019,150,6,34.8,15.6,26.5,48.5,7.8,23.8,2.95,30.37,0,33.5,22.7,27.3,25.5,24.4,24.8,1.8,.8,190,59,7,11.4,8.3,7.3,.72,2.2
2019,151,6,37,17.7,28.2,39.9,7.8,19.9,3.34,30.74,0,27.7,20.1,24.1,25.6,24.9,25.3,2.9,2,190,46,8.1,12.7,9.6,9.2,.68,1.4
2019,152,6,36.8,15.9,27.6,51.4,10.8,22.5,3.15,30.4,0,32.7,19.7,25.9,25,24.4,24.7,2.3,1.4,216,52,7.9,11.8,9,8.2,.76,3
2019,153,6,35.1,19.8,28,54.3,11.4,28.6,2.91,29.48,0,33.9,23.5,28.5,25.6,24.8,25.1,2.6,1.6,204,49,8.9,13.4,8.7,8.2,1,6.8
2019,154,6,36,19.4,28.5,49.7,14,27,3.05,30.01,0,35.6,24.6,29.9,26.4,25.6,25.9,2.3,1.5,227,48,7.8,13.4,8.7,8,.98,6.4
2019,155,6,36.5,18.9,28.5,36.8,10.8,21.6,3.29,30,0,35.5,25.3,30.2,26.9,26.4,26.6,2.7,1.5,223,55,6.2,13.2,9.2,8.8,.78,3.3
2019,156,6,38.3,19.8,30.3,37.1,10,20,3.73,30.37,0,36,25.7,30.7,27.4,26.9,27.1,2.8,1.7,214,50,7.1,13.8,9.7,9.2,.79,3.6
2019,157,6,38.6,19.9,30.5,41,11.2,21.3,3.69,30.06,0,33.4,26.1,29.6,27.9,27.4,27.6,2.4,1.3,211,55,6.9,13.9,9.2,8.7,.87,5
2019,158,6,38.3,22.5,30.5,39.7,11.9,20.8,3.64,29.3,0,28.5,22.5,25.8,28,27,27.5,2.8,2.1,200,41,8.4,14.9,9.6,9.1,.88,4.9
2019,159,6,37.6,16.5,28.9,43.5,8.9,19.9,3.47,31.37,0,34.3,21.3,27.6,27,26.3,26.6,2,.6,174,68,6.3,12.3,9.2,8.1,.71,2.1
2019,160,6,39.9,19,30.6,38,6.6,18.5,3.95,30.51,0,36.2,24.4,30.2,27.4,26.7,27,1.6,.8,166,56,6.3,13.7,8.9,7.7,.72,2.2
2019,161,6,41.6,20.5,32.8,39.2,10.4,20.4,4.32,29.91,0,37.4,26.2,31.7,28.1,27.4,27.7,2.6,1.3,120,58,10.1,14.4,9.8,9.5,.96,6.1
2019,162,6,41.5,24.1,32.7,48.1,7.8,25.6,4.03,29.46,0,38,28.4,32.9,28.8,28.1,28.5,2.6,1.2,42,58,8.8,15.7,9.4,9.3,1.14,8.4
2019,163,6,43.4,21.4,33,40.8,4.8,16.6,4.69,30.19,0,38.5,27.8,33,29.3,28.8,29,1.9,1.2,209,49,6.2,14.8,9.4,8.5,.72,2
2019,164,6,42.8,23.7,32.9,40.4,7,17.3,4.45,22.95,0,33,26.6,30.6,29.5,29.3,29.4,2.3,1.3,162,54,7.7,15.6,7.9,8.5,.81,3.8
2019,165,6,40,22,31.3,29.5,6.4,13.2,4.22,31.44,0,29.2,21.8,25.6,29.5,28,28.7,3.1,2.3,187,42,7.2,14.8,10.7,10.2,.57,-.9
2019,166,6,39.5,21,30.7,34.5,4.9,18.6,3.89,31.1,0,35.1,22.3,28.4,28,27.3,27.6,2.2,1.5,179,44,5.8,14.5,9.4,8.7,.75,2.7
2019,167,6,40,21.6,31.7,35.5,8.7,17.9,4.14,29.7,0,36.7,25.5,30.9,28.3,27.7,27.9,2.3,1.3,192,53,5.7,14.7,9.3,8.8,.76,2.9
2019,168,6,39.9,21.3,31.5,40.5,9,18.5,4.05,30.26,0,37.2,27,31.9,28.9,28.3,28.6,2.5,1.2,193,58,9.1,14.6,9.7,9,.79,3.4
2019,169,6,39.2,20.6,30.8,31.7,5.4,14.4,4.06,30.29,0,36.9,27.2,32,29.3,28.9,29.1,2.6,1.6,190,52,8,14.2,9.8,9.2,.58,-.9
2019,170,6,39.3,17.1,30,49.7,6.3,15.1,3.91,30.41,0,37,26.8,31.9,29.5,29.1,29.3,2,1.3,196,48,6.7,12.7,9.2,8.3,.58,-.8
2019,171,6,39.4,19,29.6,36.4,8.2,17.5,3.72,30.68,0,36.7,27,31,29.8,29.2,29.5,2.4,1.8,176,39,6.1,13.6,9.4,8.9,.68,1.4
2019,172,6,38.9,22.8,30.4,35.6,8.3,17.6,3.8,30.28,0,29,22.4,25.8,29.8,28.4,29.2,3.8,2.7,185,43,9.2,15.1,10.7,10.8,.73,2.3
2019,173,6,36.9,21.6,29.3,45,11.2,24.9,3.28,30.56,0,34.1,22.4,27.9,28.4,27.5,27.9,3,1.7,197,53,7.4,14.4,9.6,9.2,.94,5.9
2019,174,6,37.4,19.8,28.6,41.7,8.1,23.2,3.28,31.02,0,35.8,24.7,30.1,28.3,27.9,28,2.3,1.3,191,54,6.9,13.7,9.1,8.5,.82,3.8
2019,175,6,39.3,20,29.6,37.2,6.5,17.1,3.78,31.29,0,36.4,25.4,30.7,28.7,28.3,28.5,2.1,.9,174,61,8.5,14,9.3,8.5,.64,.4
2019,176,6,39.9,19.8,30.8,36.4,7,16,4.06,28.9,0,35.9,26.4,31.2,29.1,28.7,28.9,2.6,1.6,194,51,7.4,14,9.4,9.1,.64,.6
2019,177,6,39.2,20.5,30.5,47.8,11,22.4,3.64,30.2,0,36.8,27.1,31.8,29.3,29,29.2,2.5,1.7,189,46,7.6,14.2,9.5,8.9,.93,5.8
2019,178,6,39.8,19.9,30.9,39.1,6.1,16.6,4.03,30.87,0,37,27.5,31.3,29.9,29.3,29.5,2.1,.8,191,64,6.7,14,9.5,8.6,.66,.9
2019,179,6,43.5,20.5,32.5,39.3,7.1,16.1,4.53,29.91,0,31,23.8,27.2,30,28.9,29.4,2,1.2,228,49,7.4,14.5,9.4,8.7,.71,2
2019,180,6,43.8,23.9,34.1,34.8,6.8,16.4,4.84,24.86,0,33.5,23.4,28.2,28.9,28.1,28.5,2.1,1.3,266,49,7.6,15.8,8.4,8.4,.81,3.8
2019,181,6,42.8,23.9,34.8,44.5,6.4,19,4.86,29.46,0,36.6,26.5,31.5,29,28.3,28.5,2.2,1.4,245,48,7.1,15.7,9.7,9,.95,6.1
2019,182,6,43.2,23.9,34.6,45.4,9.7,20.8,4.72,30.32,0,38,28.4,33.1,29.8,29,29.3,2.4,1.4,234,52,9.5,15.7,10.1,9.5,1.03,7.2
2019,183,6,41.8,24,33.1,44.1,9.9,22,4.24,30.35,0,38.5,29,33.6,30.3,29.8,30,2.4,1.6,197,46,7.8,15.7,9.7,9.2,1.04,7.4
2019,184,6,40.8,23.2,31.5,47.2,9.1,24.7,3.81,30.65,0,32.8,26.3,30.5,30.6,30.3,30.4,3.4,2.8,187,34,10.4,15.4,10.6,10.4,1.05,7.4
2019,185,6,40.4,21.5,31.4,38,6.6,17,4.09,31.06,0,29.9,22.3,26.1,30.3,28.8,29.5,2.7,2.1,176,37,8.3,14.7,10.2,9.6,.74,2.4
2019,186,6,40.7,20.7,31.9,40.8,8.5,17.2,4.25,30.87,0,34.8,22.3,28.3,28.9,28.1,28.4,2.1,.7,178,65,6,14.4,9.5,8.6,.74,2.6
2019,187,6,39.8,21.7,32.3,59.8,11.2,24.5,3.91,29.59,0,36.9,26.4,31.5,29.2,28.5,28.8,1.7,1.1,176,49,6.3,14.8,8.7,7.8,1.12,8.4
2019,188,6,40.7,24.5,32.5,43.6,6.2,18.8,4.2,28.27,0,36.7,28.9,32.5,29.9,29.2,29.6,2.8,2,185,43,9.2,15.8,9.7,9.5,.86,4.1
2019,189,6,39.7,22.9,30.7,31,5.3,11.5,4.12,30.91,0,36,27.1,31.5,30.1,29.7,29.9,3.2,2.2,174,45,8.6,15.1,10.7,10.2,.49,-3.1
2019,190,6,40.3,17.7,30.2,41.1,5.9,13.3,4.05,30.44,0,37.1,26.9,31.9,30.1,29.7,30,1.6,.1,246,79,4.8,13.1,8.9,7.7,.52,-2.7
2019,191,6,43.2,21.6,33.5,46.3,8,19.2,4.64,29.77,0,38.1,28.3,33.2,30.5,30.1,30.2,1.8,1,220,55,6.1,14.9,9.2,8.4,.88,4.9
2019,192,6,43.6,26.1,35.8,39.9,9.1,17.5,5.16,26.34,0,37.9,30.5,34,31,30.5,30.8,3.4,2.5,253,41,10.9,16.4,10.2,10.6,.95,6.1
2019,193,6,43.1,27.5,36.2,42.2,11.2,20.6,5.02,21.76,0,34.2,28.8,32.2,31.2,31,31.1,2.1,.8,346,65,9.4,16.8,7.8,7.9,1.15,9
2019,194,6,42.4,26.4,35.9,51.7,13.4,24.7,4.67,29.11,0,32.1,26.9,29.3,31.1,30.2,30.6,2.4,1.3,226,56,8.4,16.5,9.7,9.1,1.39,11.7
2019,195,6,42.6,26.9,35.5,58.2,14.4,31.2,4.3,28.91,0,36.2,27,31.3,30.3,29.8,30,2.4,1.2,238,57,8.5,16.7,9.4,9,1.68,14.6
2019,196,6,44.4,25.6,35.8,59.9,12.5,29,4.58,29.05,0,38.8,29.4,34,31,30.2,30.5,1.8,1,230,54,6.9,16.3,9.1,8.5,1.56,13.4
2019,197,6,45.2,27.7,36.5,44.5,7.3,21.3,5.19,28.47,0,39.2,30.6,34.8,31.6,31,31.3,2.4,1.6,232,48,10.4,16.9,9.9,9.5,1.17,8.9
2019,198,6,40.5,27,33.9,51,21.1,32.7,3.69,23.8,0,37.7,31.3,34.4,31.9,31.6,31.8,2.5,1.5,207,50,7.6,16.6,7.7,8.1,1.7,14.8
2019,199,6,41.7,24.5,34.2,61,8.1,26.5,4.37,28.16,0,38.9,30.8,34.7,32.1,31.7,31.9,2,1.5,239,41,6.5,15.9,8.9,8.3,1.22,9.1
2019,200,6,41.8,27.7,35.2,36.5,10.4,19.1,4.75,23.59,0,39.1,31.9,35,32.2,32,32.1,2.5,2.3,248,24,7.3,16.8,8.3,8.6,1.04,7.5
2019,201,6,41.9,21.4,33.8,58,10.3,23,4.43,29.65,0,39.8,30.3,34.9,32.4,32,32.2,2.2,1.6,236,42,7.2,14.7,9.5,8.7,1.1,8.2
2019,202,6,42.3,26,34.8,59.1,16.5,32,4.06,27.88,0,40.9,31.5,36,32.6,32.2,32.4,2.4,1.7,238,46,8.8,16.3,9,8.8,1.69,14.8
2019,203,6,40.5,24.5,33.4,79.4,20.2,40.2,3.3,18.04,1.78,36,30,34.3,32.9,32.6,32.8,3.2,1.7,166,55,14.3,15.8,6.2,7.8,1.95,17
2019,204,6,40.3,23.5,31.8,88,18.5,50,2.77,27.89,0,34,27.9,30.9,32.9,31.7,32.2,1.7,.6,102,64,8.2,15.5,7.6,7.4,2.12,18.2
2019,205,6,38.3,25,31.8,90.7,27.8,51.9,2.52,24.13,1.52,33.7,28.1,30.5,31.8,31.1,31.4,2.2,.9,252,63,7.4,15.9,6.9,7,2.29,19.5
2019,206,6,41.6,27,34.7,70.2,20.4,41.6,3.58,27.97,0,38.5,28.1,32,31.5,30.8,31.1,2.6,1.3,216,56,8.3,16.7,8.6,8.7,2.11,18.2
2019,207,6,43.4,28.4,36.3,63.7,15.1,31.9,4.39,28.09,0,33.6,27.6,30.5,31.6,31,31.3,2.6,1.8,230,46,6.9,17,9.3,9.2,1.8,15.6
2019,208,6,44.6,28.7,37.6,48.9,11.1,24.7,5.17,28.98,0,39.3,27.5,33.1,31.3,30.7,31,2.4,1.7,238,44,7.9,17.1,9.8,9.4,1.49,12.7
2019,209,6,43.4,29.4,37.2,47,13.7,25.1,4.96,28.22,0,40.6,30.7,35.4,32.1,31.2,31.6,2.6,1.8,225,44,8.1,17.1,9.6,9.4,1.53,13.2
2019,210,6,43.5,28.1,36,47,13.7,28.3,4.55,23.27,0,39.6,31.6,35.5,32.6,32.1,32.3,3.1,1.5,197,59,9.4,16.9,8.5,9.4,1.58,13.7
2019,211,6,40.2,23.3,32.2,92.7,20.4,47.2,2.9,24.77,10.92,41.5,31.5,35.7,33,32.6,32.7,2.7,.6,91,71,15.4,15.4,7.4,7.9,2.08,18
2019,212,6,34.5,24.1,27.8,91.6,39.8,73.1,1.11,19.1,0,34.1,29,30.9,33.1,32,32.6,1.9,.7,90,65,4.9,15.2,4.6,5.1,2.67,22.1
2019,213,6,38.9,24.3,31.6,89.6,25.7,56,2.37,27.81,0,38.8,27.6,32.3,32.1,31.3,31.7,1.1,.3,75,68,4.7,15.6,7.1,6.5,2.41,20.4
2019,214,6,42.7,27.2,35.1,67.2,17.5,38.8,3.83,26.45,0,35.6,29,31.9,32.2,31.8,32,1.5,.6,197,63,6.7,16.7,7.8,7.3,2.02,17.5
2019,215,6,43.4,26.4,35.5,70.9,13.7,34,4.17,24.82,2.03,39.3,28.2,33.1,31.9,31.5,31.7,1.9,.8,253,63,15.1,16.5,7.7,7.8,1.8,15.7
2019,216,6,42.9,24.2,34.1,87.1,15.7,43,3.63,27.27,0,40.2,28.9,34.1,32.1,31.7,31.9,1.6,.6,6,65,5.3,15.8,8,7.5,2,17.1
2019,217,6,45.7,27.2,35.6,71.9,11.2,33.8,4.38,26.36,7.37,41.5,31,35.5,32.8,32.1,32.4,2.9,.3,162,77,12.7,16.7,8.8,9.7,1.73,14.8
2019,218,6,39,25.8,31.8,89.1,21.4,52.8,2.52,18.38,0,36,29.7,32.1,32.9,32.2,32.6,1.6,.2,111,76,6.3,16.2,5.2,5.6,2.31,19.5
2019,219,6,40.3,27.1,32.8,70.4,18.8,44.5,2.97,24.14,0,39.6,29.6,33.9,32.3,31.8,32,2,.8,232,63,12.1,16.7,7.2,7.2,2.11,18.2
2019,220,6,41.4,24.9,33.6,73.8,15.9,38.3,3.56,26.05,0,40,30.1,33.7,32.8,32.1,32.4,1.4,.7,186,57,6,16,7.4,6.8,1.83,16
2019,221,6,37.2,26.4,32,69.1,23.8,37.8,3.06,17.23,0,31.4,27.4,29.2,32.8,31.5,32.2,2.1,1.3,170,49,6.8,16.3,5.4,6.1,1.75,15.3
2019,222,6,38.7,25.4,31.1,66.5,21.5,44.4,2.72,22.42,0,34.6,26.4,29.7,31.6,30.8,31.1,3.4,2.1,160,50,12.9,16.1,7.4,8.2,1.91,16.7
2019,223,6,39,25.8,32.3,68.6,22.1,42.5,3.03,26.52,0,38.4,27.6,32.6,31.2,30.7,30.9,2,1.1,130,54,5.5,16.2,7.5,7.4,1.94,16.9
2019,224,6,41,25.8,33.7,42.5,10.2,21.8,4.31,27.94,0,39.5,29.3,34.1,31.8,31.2,31.5,1.9,.5,159,70,6.4,16.2,8.7,7.8,1.06,7.7
2019,225,6,42,23.8,33.5,59.3,11.8,27.1,4.13,27.96,0,40.2,29.5,34.6,32.2,31.8,32,1.5,.1,164,79,4.8,15.6,8.2,7.3,1.27,10.4
2019,226,6,44.2,22.5,33.7,50.6,6.2,22.9,4.58,28.31,0,40.2,29.5,34.6,32.5,32.1,32.3,1.7,.8,196,59,7.3,15.2,8.7,7.7,1.02,7
2019,227,6,45.1,22.6,34.3,56.7,4.9,19.4,4.86,28.22,0,36,28.5,32.2,32.7,32.3,32.5,1.6,.6,232,65,6.7,15.4,8.8,7.7,.9,5.1
2019,228,6,41.4,26.8,33.6,59.4,11.6,25.8,4.07,25.08,0,32.5,24.3,28.3,32.3,31.1,31.6,2.5,1.6,155,48,12.6,16.6,8.4,8.5,1.29,10
2019,229,6,41.7,24.5,33.6,63.4,12.4,31.9,3.86,27.33,0,37.1,25.5,30.9,31.1,30.5,30.8,2,1.1,179,55,6.7,15.9,8.4,7.9,1.52,12.7
2019,230,6,39.9,22,31.6,53.8,11.9,28.4,3.59,22.64,0,36.1,27.2,31.7,31.1,30.8,31,1.4,.6,128,60,4.1,14.8,6.6,6.2,1.24,10.1
2019,231,6,41.7,22.1,31.9,58.5,9.4,27.9,3.83,27.41,0,38.7,27.6,32.8,31.4,31,31.1,1.1,.3,129,68,5.3,14.9,7.7,6.3,1.18,9.2
2019,232,6,44.3,22.5,33.6,56.4,8.1,23.5,4.49,27.13,0,39.6,28.5,33.8,31.8,31.3,31.5,1.2,.3,190,70,5.8,15.3,8,6.7,1.09,8.1
2019,233,6,45.2,22.7,34.4,53.7,7,20.5,4.87,27.12,0,39.8,29.3,34.3,32.1,31.7,31.9,1.7,.7,231,62,7.7,15.4,8.7,7.8,.95,6
2019,234,6,41.5,25.4,34,47.6,17.6,27.8,3.98,24.41,0,36.7,29.3,32.6,32.3,32,32.2,3.1,2.3,156,42,9.8,16.1,8.4,8.9,1.49,12.4
2019,235,6,38.5,23.8,32.2,75.2,21.7,42.5,2.98,25.86,0,33.1,26.7,29.7,32.3,31.4,31.8,2.3,1.2,155,56,10.1,15.4,7.6,7.3,1.94,16.9
2019,236,6,38.5,25.7,32.2,60.8,26.2,43.3,2.87,23.43,0,35.7,26.1,30.6,31.4,30.8,31,2.4,1.3,200,56,8.2,16.2,7,7.2,2.04,17.7
2019,237,6,38.7,27.6,33.4,64.8,27.5,44,3.02,25.47,0,38.3,29,33.2,31.4,31,31.1,3,2.7,237,25,8.5,16.7,7.9,8.1,2.18,18.8
2019,238,6,40.8,29.6,35.2,57.4,21,36.8,3.74,25.53,0,40,30.8,35,32.1,31.4,31.7,2.3,1.8,243,39,7.6,17.2,8,7.9,2.03,17.6
2019,239,6,42.9,27.6,36.4,59.7,17.1,32.2,4.38,25.49,0,40.5,31.3,35.6,32.7,32.1,32.3,2.3,1.6,239,44,6.5,16.9,8.4,8,1.85,16.1
2019,240,6,42.3,24.7,34.5,88.7,18.5,39.6,3.71,24.91,2.29,40.6,32,36,33.1,32.7,32.8,3,1.2,185,63,16.5,16,8.1,8.7,1.96,17
2019,241,6,40,23.9,31.3,90,20.9,53.5,2.5,25.06,0,35.9,29.9,32.5,33.2,32.7,32.9,1.7,.4,203,71,14.5,15.6,6.6,6.7,2.24,19.1
2019,242,6,42,26.7,34.2,74.1,18,41.1,3.52,25.04,0,34.5,28,30.8,32.7,32,32.3,2,1,201,58,7,16.6,7.5,7.3,2.04,17.5
2019,243,6,41.5,26.8,33.6,61.6,16.9,37.5,3.48,24.91,0,36.9,26.7,31.3,32,31.3,31.6,2.1,.9,167,60,7.6,16.6,7.5,7.4,1.86,16.3
2019,244,6,41,27.5,32.8,60.5,20.8,41,3.11,23.51,0,38.4,29.4,33.4,32,31.5,31.7,3.5,1.4,141,63,12.9,16.8,7.8,8.9,1.98,17.3
2019,245,6,40.8,22.9,32.8,81.7,19,42.7,3.26,24.61,0,39.2,29.5,34.1,32.3,31.9,32,1.8,.6,225,65,7.5,15.3,7.2,6.8,1.92,16.7
2019,246,6,41.8,26.2,34.5,62.6,16.8,35.7,3.8,24.21,0,39.7,31,35,32.7,32.3,32.5,2.1,1.2,225,54,7.7,16.4,7.6,7.4,1.82,15.9
2019,247,6,41.7,27.1,34.8,61.1,13.7,36,3.84,24.42,0,39.6,31.3,35.1,33,32.7,32.8,2.7,2.1,174,39,6.9,16.7,8.1,8.2,1.86,16.1
2019,248,6,41.6,25.5,34.6,65.6,12.1,32.5,4.03,24.33,0,36.8,29.7,33.7,33.2,33,33.1,2.1,.7,206,65,6.9,16.2,7.8,7.3,1.64,14.1
2019,249,6,41.2,27.7,34.9,54.8,18.1,33.1,3.94,22.16,0,34.1,27.5,30.1,33.2,32.1,32.6,2.2,1.5,228,45,8.4,16.8,7.2,7.2,1.77,15.5
2019,250,6,41,29.4,35.2,50.6,17.7,32,4,21.8,0,36.5,27.4,31.2,32.2,31.5,31.8,2.7,2.3,231,30,8.2,17.1,7.7,7.9,1.76,15.3
2019,251,6,39.2,25.8,32.4,67,18.3,41.9,2.99,20.31,0,36.6,29.2,32.7,32,31.7,31.8,2.4,1.6,212,46,8.7,16.2,6.6,6.8,1.96,17
2019,252,6,36.8,22.7,30.4,75.6,21.3,47.2,2.5,22.31,0,37.7,28.7,32.8,32.1,31.8,32,1.6,.9,193,53,6.3,14.9,6.2,5.7,1.96,16.9
2019,253,6,36,25.3,30.7,77.5,22.9,50.4,2.35,22.92,0,36.7,30.2,33.2,32.3,32.1,32.2,3.4,3.2,179,23,9.2,15.9,7.4,7.2,2.13,18.2
2019,254,6,35.9,24.5,29.6,77.3,23.3,48.7,2.3,23.53,0,37.7,29.8,33.2,32.4,32.1,32.2,1.9,1.1,207,53,7.1,15.5,6.6,6.1,1.93,16.6
2019,255,6,37.9,21.1,29.7,69.3,12.9,35.6,2.98,24.24,0,34.6,28,31.3,32.5,32,32.2,1.5,.4,308,69,7,14.3,7,6,1.36,11.3
2019,256,6,40.5,18.8,29.8,72.6,9.2,31.8,3.32,23.66,0,31.6,24.9,28.1,32.1,31,31.5,1.2,.3,322,72,4.9,13.6,6.7,5.6,1.15,8.8
2019,257,6,39.2,24.3,30.2,73.3,19.6,39.5,2.77,19.08,7.87,34,25,27.9,31,30.2,30.6,2.3,1.5,99,48,17,15.6,6.1,6.5,1.63,14.2
2019,258,6,35.8,21.7,28.3,76.4,24.6,53.1,1.99,21.99,0,31.7,24.4,27.7,30.4,29.8,30.1,1.4,.9,92,49,4.7,14.3,5.6,5.2,1.96,17.1
2019,259,6,35.7,21.7,27.5,80.6,31.3,54.3,1.82,16.11,0,32.6,25.3,28.5,30,29.6,29.8,1.9,1.2,136,48,11.1,14.3,4.3,4.9,1.93,17
2019,260,6,36.2,18.8,27.3,88.9,26.3,57.1,1.87,22.76,0,35.3,24.6,29.5,29.9,29.4,29.7,1,.6,147,49,4.9,13.1,5.5,4.8,1.93,16.9
2019,261,6,38.2,23.1,29.7,74,16.8,43.3,2.67,22.91,0,36.9,26.8,31.4,30.4,29.8,30,1.3,.9,170,46,4.4,15.2,6.2,5.5,1.68,14.6
2019,262,6,37.7,22.2,29.5,54.2,12.3,29.9,3.15,23.23,0,35.2,26.2,30,30.7,30.4,30.5,2.8,1.9,186,46,7.8,14.8,7.8,7.4,1.16,8.9
2019,263,6,35.9,17.3,26.3,62,10.9,31.3,2.64,23.51,0,29.6,22.4,25.6,30.7,29.4,30,1.5,.8,191,58,6.2,12.4,6.6,5.6,.96,6.2
2019,264,6,34.9,18.2,25.5,54.4,11.2,28.9,2.55,23.43,0,30.7,20.4,25.2,29.4,28.3,28.8,1.4,.4,141,68,7.2,12.6,6.2,5.2,.87,4.9
2019,265,6,36.2,15.6,26.5,65.7,14.6,37.1,2.46,22.53,0,33.4,21.9,27.4,28.5,28,28.3,1.1,.3,119,69,7.2,11.7,5.8,4.8,1.24,9.8
2019,266,6,34.4,20.4,25.9,96.8,33.5,70.7,1.07,18.09,6.1,30.4,24.9,27.6,28.8,28.4,28.7,3.1,.5,348,75,14.2,13.5,4.8,5.2,2.33,19.7
2019,267,6,28.5,18.3,22.8,90.8,45.9,69.3,.92,18.33,.76,29.8,23,25.7,28.8,28,28.3,2.3,1.4,37,50,11.3,10.7,4.4,4.1,1.9,16.7
2019,268,6,32.5,19.7,24.6,92.8,33.7,66.9,1.18,14.68,1.02,30.5,23.6,26.5,28.1,27.7,27.9,1.3,.5,76,64,8.1,12.9,3.2,3.7,1.99,17.3
2019,269,6,31,19.6,23.9,95.2,34.3,75.7,.84,17.56,0,31.2,24.1,26.8,28,27.6,27.9,1.6,.9,180,55,9.1,12.4,3.9,3.9,2.17,18.7
2019,270,6,30.9,18.8,24.1,95.3,36,70.2,1.06,20.15,0,29.5,23.4,26,28,27.6,27.8,.8,.3,257,63,4.6,12,4.3,3.8,2.01,17.5
2019,271,6,33.8,17.6,25.8,89.8,26.5,55.7,1.74,21.08,0,29.6,22.4,25.7,27.8,27.3,27.5,1.6,1.3,149,35,5.6,12.1,5.5,4.8,1.72,15.1
2019,272,6,33.3,18,25.8,82.3,30.5,51.3,1.78,21.38,0,32.6,22.7,27.1,27.6,27.3,27.4,1.3,.6,216,59,5.4,12.2,5.3,4.6,1.64,14.3
2019,273,6,32.5,14.2,24,81.4,13.9,37.6,2.12,21.87,0,32.3,22.6,27.2,27.8,27.5,27.7,1.3,.6,216,59,5.1,10.2,5.6,4.5,1.01,6.6
2019,274,6,33,13.9,23.2,53,11.6,28,2.28,21.85,0,31.5,21.9,26.5,27.9,27.5,27.7,1.9,1.2,160,47,5.6,10.2,6,5.4,.74,2.5
2019,275,6,32.4,14.7,24,74.9,21.9,42.2,1.92,21.1,0,32.5,22.9,27.3,27.8,27.4,27.6,1.3,.2,6,75,4.7,10.4,5.4,4.4,1.2,9.6
2019,276,6,35.6,15,24.7,75.1,14.9,42.2,2.18,20.48,0,31,23.1,26.7,27.9,27.4,27.7,1.1,.3,342,68,5.4,11.3,5.3,4.4,1.16,9.1
2019,277,6,35.6,19.4,26.6,66.9,22.8,41.3,2.31,20.13,0,28.2,21.7,24.7,27.7,27.1,27.4,1.8,.5,181,68,6.1,13.3,5.7,5.3,1.36,11.5
2019,278,6,35.4,15,25.1,68.4,14.9,39.4,2.25,20.73,0,29.3,20.2,24.3,27.2,26.5,26.8,1.3,.3,142,72,5.1,11.2,5.5,4.6,1.13,8.8
2019,279,6,35.3,13.6,23.6,70.8,10.8,39.3,2.13,20.17,0,30.8,20.5,25.1,26.8,26.3,26.6,.9,.4,114,60,3.9,10.6,4.9,3.9,1.01,6.9
2019,280,6,36.9,12.9,24,67.5,11,33.5,2.44,20.49,0,31.4,20.7,25.7,26.8,26.4,26.6,1.1,.2,121,74,4.3,10.5,5.3,4.3,.86,4.7
2019,281,6,36,14.2,24.7,64.2,9.3,30.2,2.53,20.27,0,31.8,21.9,26.4,26.9,26.6,26.7,1.3,.3,183,70,5.4,10.9,5.6,4.6,.83,4.1
2019,282,6,35.5,17.7,25.9,40.7,10.8,23.9,2.8,20.05,0,31.1,22.3,26.3,27.1,26.7,26.9,2.5,1.9,167,40,7,12.5,6.6,6.3,.74,2.6
2019,283,6,31,14.6,23.2,46.8,9.5,22.4,2.33,19.87,0,29.2,20.7,24.9,27.1,26.6,26.8,2.2,.9,234,63,6.9,9.9,6,5.3,.62,-.6
2019,284,6,30.4,10.9,20.2,53.2,6.2,20.2,2.13,20.18,0,22,17,19.5,26.8,25.2,26,2.2,1.7,346,36,7.2,8.1,6.1,5.2,.42,-5.5
2019,285,6,32.6,10.2,21.5,62.2,11,28,2.14,19.65,0,25.5,16.1,20.3,25.2,24.1,24.5,1.1,.4,194,66,4.5,8.7,5,3.9,.63,.5
2019,286,6,33.1,10.5,21.8,56.4,12.4,29.2,2.16,19.72,0,27.7,17.2,22.1,24.4,24,24.2,1.3,.1,55,76,4.8,8.8,5.2,4.2,.69,1.6
2019,287,6,32.5,12.8,23.3,65.9,25,41.9,1.82,18.9,0,28.9,19.4,23.9,24.7,24.3,24.5,1.8,.4,240,72,6.3,9.5,5,4.4,1.2,9.2
2019,288,6,33.3,14.8,23.4,73.6,12.4,40.2,2.03,18.99,0,29.6,21.1,25,25.2,24.7,25,1.3,.5,360,66,6.1,10.7,5,4.1,1.02,6.9
2019,289,6,34.9,11.7,23.7,69.1,8.3,32.5,2.37,18.72,0,29,20.5,24.6,25.4,25.1,25.2,1.6,.9,48,52,8.4,9.6,5.4,4.6,.82,4
2019,290,6,35.3,13.6,25.5,58.6,13.3,30.6,2.59,18.68,0,29.7,21.2,25.3,25.5,25.2,25.4,2.4,1.5,199,48,7.3,10.6,6.1,5.6,.9,5.4
2019,291,6,29.3,14.4,21.7,70.4,15.2,34.3,1.89,18.55,0,28.2,21.5,24.6,25.7,25.4,25.5,2.2,1.4,214,49,7.7,9.1,5.4,4.7,.81,3.7
2019,292,6,30.2,9.2,19.5,54.8,7,28.3,1.88,18.98,0,27.9,19.6,23.4,25.6,25,25.3,1.7,.8,179,60,6.9,7.5,5,4.3,.56,-1.6
2019,293,6,30,8,19.2,52.2,9.1,22.7,1.95,18.63,0,27.1,18.7,22.6,25.2,24.6,24.9,1.6,.6,195,64,7,7.2,5,4.1,.46,-4.1
2019,294,6,29.6,7.8,18.7,60.7,8.3,24.9,1.85,18.5,0,26.8,18.2,22.2,24.8,24.2,24.5,1.2,0,214,80,4.8,7,4.7,3.5,.47,-3.7
2019,295,6,31.9,7.7,19.6,63.7,9.1,28.4,1.99,18.38,0,26.9,18.1,22.2,24.5,24,24.2,1.5,.1,273,77,4.8,7.8,4.9,4.1,.54,-1.8
2019,296,6,32.5,8.3,20.4,58.5,10.2,27.7,2.01,18.06,0,27.4,18.6,22.6,24.3,23.9,24.1,1.3,.3,177,70,4.4,8,4.6,3.8,.59,-.5
2019,297,6,29.1,9.3,19.9,63.2,6.6,25.2,2,18.18,0,25.7,17.3,21.4,24.2,23.8,24,3.2,2.7,356,33,8.8,7.1,6.4,5.8,.47,-4.8
2019,298,6,26.6,8.7,18.1,42.8,8.1,21.3,1.74,17.93,0,19.4,13.9,16.6,23.9,22.3,23.1,2.7,2.3,35,33,10.1,5.7,5.6,4.9,.43,-5.2
2019,299,6,28.9,6.9,17.4,62.8,9.7,28.5,1.65,17.45,0,20.9,12.8,16.5,22.4,21.3,21.7,1.2,.3,119,70,4.2,6.4,4.2,3.3,.5,-2.7
2019,300,6,32.5,8.8,21.4,55.2,8.5,22.4,2.27,17.05,0,22.2,13.4,17.6,21.4,20.9,21.1,4,3.2,190,35,10,8.2,6.8,7.2,.51,-2.5
2019,301,6,22.3,7.9,16.6,34.4,9.3,19.9,1.58,17.75,0,22.8,16.4,19.1,21.4,21.1,21.2,2.9,2.1,239,43,7.5,3.6,5.2,4.5,.36,-7.3
2019,302,6,23.7,1.5,12.6,61.1,7.2,26.9,1.26,17.66,0,21.9,13,17.2,21.4,20.8,21.1,1.5,.3,203,72,5.4,3.4,4.1,3.2,.34,-7.8
2019,303,6,19.6,5.3,12.8,47,6.4,16.7,1.28,16.64,0,19.9,13.9,16.4,21,20.4,20.7,3.6,3.2,336,29,8.8,2.1,5.1,4.7,.24,-12.9
2019,304,6,24.5,.9,12.4,63.8,5.7,21.6,1.32,17.6,0,20.2,11.5,15.6,20.5,19.7,20.1,1.9,1.5,358,39,6.3,3.7,4.5,3.8,.27,-11.1
2019,305,6,26.6,1.7,13.1,60.5,7.6,28.2,1.35,17.24,0,21,11.9,16.2,19.9,19.2,19.5,1.1,.1,81,76,3.7,4.7,3.8,2.8,.36,-7.2
2019,306,6,29.7,5.4,16.6,68.1,8.1,28.5,1.67,16.55,0,18.9,11.8,15.2,19.5,18.9,19.2,1.3,.5,358,65,4.3,6.6,4.2,3.4,.46,-4.1
2019,307,6,29.5,7.6,17.8,59.5,9.9,29.1,1.69,15.96,0,20.1,12.1,15.8,19,18.6,18.8,.9,.3,150,67,3.4,6.8,3.7,2.6,.53,-2
2019,308,6,30.2,7.2,17.9,66.1,10.5,31.4,1.7,16.08,0,19.8,12.3,15.9,18.9,18.6,18.7,1.3,.2,322,73,4.9,7.2,4,3.2,.56,-1.3
2019,309,6,31,8.7,19.9,63.2,14,31.4,1.84,15.73,0,22.5,13.4,17.6,19,18.7,18.8,1.2,.4,339,67,4.2,7.8,4,3.1,.67,1.2
2019,310,6,30.3,14.4,20.8,64.2,17.9,38,1.7,15.56,0,24.2,16.5,19.9,19.8,19,19.4,1.5,.6,255,63,7,9.5,4.1,3.4,.88,5
2019,311,6,29.8,8.9,18.5,78.8,21.6,46.3,1.36,15.19,0,24.1,16,19.7,20.2,19.8,20,.9,.1,315,77,4.6,7.2,3.3,2.6,.92,5.7
2019,312,6,28.3,12.5,19.4,70.2,26.6,47.4,1.32,13.45,0,23.4,17,19.8,20.4,20.2,20.3,1.7,1.3,53,41,7.6,7.6,3.5,3.2,1.04,7.5
2019,313,6,29.5,10.8,19.9,69.3,23.6,43.4,1.52,13.84,0,23.8,16.3,19.8,20.5,20.2,20.4,1.4,.9,14,49,5.5,7.6,3.5,3.1,.95,6.2
2019,314,6,32,12,20.5,70.3,19.2,44.9,1.52,12.49,0,24.3,17.4,20.5,20.7,20.5,20.6,.8,.4,155,57,2.8,9,2.8,2.4,1.02,7.2
2019,315,6,30.5,11.2,20.2,69.2,16,37.8,1.7,14.6,0,24.7,17.4,20.7,20.9,20.7,20.8,1.5,.5,182,66,3.8,8.3,3.8,3.3,.82,4
2019,316,6,25.3,10.6,18.7,66.1,23.8,37.6,1.42,14.63,0,22.7,17.4,19.7,21.1,20.8,20.9,4,3.7,69,24,10.9,5.5,5,4.7,.79,3.6
2019,317,6,26.5,8.9,17.2,57.6,19.2,36.4,1.37,14.79,0,23.2,16.2,19.4,20.9,20.5,20.7,1.5,.7,80,58,6.8,5.7,3.5,3,.68,1.5
2019,318,6,27.6,6.3,15.9,70.7,15.3,42.1,1.27,14.74,0,23,15.2,18.8,20.7,20.3,20.5,.8,.1,78,74,2.8,5.8,3.1,2.2,.7,1.8
2019,319,6,27,6.6,16.5,74.3,16.8,40.8,1.34,11.02,0,21.1,15.3,18.1,20.5,20.1,20.3,1.2,.5,23,62,5.4,5.5,2.6,2.5,.7,1.8
2019,320,6,28.3,8.7,17.2,69.4,13.8,37,1.47,12.95,0,22.4,15.4,18.4,20.2,19.8,20,1.2,.5,341,62,3.8,6.5,3.2,2.6,.65,.7
2019,321,6,29,4.9,16.5,73.8,11.6,36.6,1.48,13.82,0,22.2,14.6,18.1,20.1,19.7,19.9,1.3,.1,327,79,4.4,6.1,3.4,3,.6,-.4
2019,322,6,28.2,5.3,15.8,63.4,12.9,36.3,1.38,13.8,0,21.8,14.3,17.7,20,19.5,19.8,1.3,.2,120,74,4,5.8,3.3,2.8,.59,-.6
2019,323,6,22.8,9.3,14.6,97.4,20.9,62.3,.65,3.91,17.27,18.3,15.8,16.6,19.8,19.4,19.6,2,.7,118,66,10.6,4,.9,2.2,1.03,6.1
2019,324,6,20.5,12.1,16.2,95.4,64.8,83.8,.32,7.88,6.1,17.9,15.4,16.5,19.4,19,19.2,4.9,4.1,154,31,12.9,3.6,1.5,1.9,1.54,13.4
2019,325,6,17.8,10.7,13.3,97.2,51.7,83.7,.27,10.83,8.38,18.4,14.2,15.9,19,18.5,18.7,1.7,.8,90,60,9.9,2,1.5,1.6,1.26,10.4
2019,326,6,18.7,8.7,13,97.1,46.4,80.6,.34,13.45,0,19.4,13.4,15.9,18.6,18.3,18.4,1.2,.9,352,43,3.9,2.1,2,1.6,1.18,9.4
2019,327,6,22.1,5.4,13,95.7,27.6,70.1,.58,13.72,0,18.3,11.6,14.8,18.4,17.9,18.1,1.2,.8,342,45,3.8,3.2,2.3,1.9,.99,6.7
2019,328,6,21.6,7.7,13.5,93.1,31,70.7,.56,12.36,0,18,12.3,14.8,18,17.6,17.8,1.1,.3,332,67,4,3.3,2.1,1.8,1.04,7.6
2019,329,6,20.5,6.3,12.8,96.1,35.2,71.2,.51,9.74,0,16.6,11.4,13.7,17.8,17.3,17.5,1.5,1,164,49,5,2.6,1.6,1.8,1.02,7.1
2019,330,6,16.2,3,10,86.6,15.7,46.5,.73,14.15,0,16,9.8,12.6,17.3,16.8,17,2,1.2,280,51,7.2,.8,2.8,2.2,.54,-2.2
2019,331,6,19.4,1.2,9.8,92.2,44.7,73.1,.41,9.17,0,15.3,8.7,11.8,16.8,16.1,16.4,1,.1,55,75,3.4,1.8,1.2,1.4,.9,4.8
2019,332,6,21.2,10.9,15.8,91,39.8,68.1,.64,8.1,0,16.7,12.7,14.5,16.4,16.1,16.2,4.6,4.4,156,19,13.6,3.6,2.5,2.9,1.18,9.4
2019,333,6,16.7,6.1,11,94.7,54.4,76.6,.33,8.12,19.3,15.4,11.8,14,16.6,16.4,16.6,4.1,2.8,189,46,17.1,1,1.5,1.9,1,6.9
2019,334,6,15.4,3.6,8.6,92.3,37.3,73.9,.34,13.26,0,15.7,8.8,11.9,16.5,15.8,16.1,1,.2,170,74,3.6,.5,1.8,1.4,.8,3.7
2019,335,6,18.8,1.4,9,94.9,27.8,70.5,.44,13.31,0,14.9,8,11.2,15.9,15.3,15.6,1.2,.3,346,68,4.3,1.6,2,1.6,.76,3
2019,336,6,19.1,2.1,9.7,96.4,38.5,76.6,.38,10.04,0,14.3,8.1,11.1,15.4,14.9,15.1,1.2,.3,230,71,4.1,1.7,1.3,1.5,.89,5.2
2019,337,6,18,4.2,11.3,96.1,46.6,77.8,.37,8.77,0,14.8,8.8,11.8,15.1,14.7,14.9,1.1,.2,220,73,4.4,1.4,1.2,1.3,1.02,7.2
2019,338,6,23.5,10.7,15.9,95.3,38.2,73.1,.58,10.61,0,18,12.3,14.7,15.5,14.9,15.1,1.4,.3,186,70,4.9,4.7,1.8,1.9,1.27,10.5
2019,339,6,21.2,10.1,15.1,95.4,47.9,77.5,.45,11.98,0,19.4,13.4,15.9,16.2,15.5,15.8,.7,.1,163,77,2.8,3.5,1.8,1.4,1.3,10.8
2019,340,6,21.9,7.4,13.3,96.7,45.2,80.6,.38,9.35,0,17.9,12.2,14.8,16.4,16.2,16.3,.7,0,128,78,3,3.3,1.2,1.3,1.2,9.6
2019,341,6,19.4,6.3,13.4,97.4,55.8,82.6,.32,7.97,3.05,17.2,12,14.7,16.4,16.2,16.3,1,.4,318,65,3.3,2.1,.9,1.1,1.25,10.2
2019,342,6,16.1,11.7,13.5,98,80.9,92.3,.12,3.45,0,15.8,14.2,14.9,16.4,16.3,16.4,.8,.1,57,74,3.7,1.3,0,.8,1.43,12.2
2019,343,6,18.7,8.6,13.3,98.6,62.2,90.1,.18,9.13,3.56,17.7,13.4,15,16.5,16.3,16.4,1.5,.9,229,52,11.7,2,1.2,1.2,1.37,11.6
2019,344,6,18.9,4,10.8,98.9,45.5,85.2,.26,11.91,0,17.6,10.7,13.7,16.5,16,16.3,.7,.1,161,73,3,1.7,1.5,1.2,1.08,8
2019,345,6,19.4,5.7,11,96.6,41.6,79.3,.35,11.39,0,16.8,10.6,13.1,16.2,15.8,16,1.1,.3,123,67,3.5,2.1,1.5,1.4,1.01,7
2019,346,6,19.5,3.8,10.8,96.7,48.7,80.5,.33,11.9,0,16.9,9.7,13,15.9,15.5,15.7,.8,.3,156,66,3,2,1.5,1.3,1.02,7.2
2019,347,6,20.5,3.9,11,97.5,43.5,81.5,.32,11.98,0,17.3,9.9,13.2,15.7,15.4,15.5,.8,.2,126,69,3.4,2.4,1.6,1.3,1.05,7.5
2019,348,6,22.9,4.4,12.4,97.4,39,76.5,.46,12.03,0,18.4,10.3,13.8,15.6,15.4,15.5,.9,.4,154,60,2.9,3.4,1.8,1.5,1.07,7.8
2019,349,6,17.7,5.4,12.3,92.1,23.6,56.8,.68,12.22,0,16.5,11.2,13.5,15.7,15.5,15.6,2.5,1.9,249,37,8.9,1.4,2.7,2.2,.78,3
2019,350,6,15.4,2.2,8.1,83.5,20,53.7,.58,12.62,0,15.4,8.8,11.7,15.6,15.1,15.4,1.8,1.2,328,47,5.4,.5,2.3,1.8,.54,-1.7
2019,351,6,15.6,-.1,7.2,70.6,12.4,39,.7,13.11,0,14,7,10.1,15.1,14.4,14.8,2.5,1.9,12,38,7.7,.5,2.9,2.5,.36,-7
2019,352,6,17.8,2.3,10.8,58.5,15.5,29.2,.98,12.28,0,13.8,7.4,10.2,14.4,13.9,14.1,4.6,4.1,65,27,12.4,1.3,4.2,4,.36,-7
2019,353,6,16.9,-.6,7.9,84.5,20.6,50.9,.63,12.53,0,14.9,7.4,10.8,14,13.7,13.9,1.3,.2,247,75,4.1,.9,2.2,1.7,.5,-2.9
2019,354,6,20,-1.1,8,88.2,13.8,54.8,.67,12.82,0,14.9,6.9,10.5,13.9,13.5,13.7,1.4,.1,319,78,5.1,1.8,2.3,2,.51,-2.5
2019,355,6,20.2,0,8.9,85.8,21.2,55,.67,12.25,0,15.3,7.3,10.8,13.7,13.4,13.6,1.1,.1,128,77,3.7,2,2.1,1.7,.57,-.9
2019,356,6,20.2,1.6,10.3,85.9,25.6,59.1,.64,9.21,0,14.5,8.4,11.4,13.7,13.5,13.6,1,.5,191,57,3.3,2.1,1.4,1.5,.7,1.7
2019,357,6,14.6,4.2,9.8,91.3,47.4,71.5,.37,2.72,.51,12,9.8,11,13.8,13.6,13.7,1,.1,194,75,5.5,.3,.1,.9,.86,4.7
2019,358,6,14,9.8,11.5,97.7,83.5,92.2,.11,3.43,17.78,13.1,11.2,11.9,13.7,13.6,13.6,2.4,1.5,130,50,7.6,.3,0,.8,1.25,10.3
2019,359,6,13.7,5.5,9.6,97,66.7,90.7,.12,7.06,4.83,14.5,10.7,11.9,13.8,13.6,13.7,1.4,.3,32,73,4.4,.1,.5,.9,1.08,8.1
2019,360,6,15.2,2.3,8,99.4,55.3,87.9,.17,9.68,2.54,13.9,8.3,10.9,13.8,13.4,13.6,1.9,.8,169,63,9.9,.5,1.1,1.2,.94,5.9
2019,361,6,10.3,6.3,8.1,96.1,80.3,89.6,.11,4.29,6.6,11.8,9.6,10.6,13.6,13.3,13.4,1.7,.8,183,58,6.9,0,0,.8,.96,6.4
2019,362,6,11.4,2.7,7.5,94.2,39.7,69.7,.33,11.35,0,11,6.9,9.2,13.3,12.9,13.1,3.3,2.9,243,30,10.5,0,2,1.5,.71,1.9
2019,363,6,11.3,-.8,4.3,89.7,40.2,71.2,.27,12.2,0,11.5,4.5,7.6,12.9,12.1,12.4,1.2,.5,316,63,4.1,0,1.5,1.2,.58,-.7
2019,364,6,10.9,-.4,4.9,96.3,51.6,80.5,.2,5.36,0,8.9,5,7.1,12.1,11.6,11.9,.9,.5,358,54,3.7,0,.2,.8,.69,1.5
2019,365,6,15.1,4,8.5,88.7,37.2,67.6,.4,6.17,0,10.5,6.7,8.1,11.7,11.4,11.6,1.5,1.2,338,35,4.7,.5,.9,1.4,.73,2.5
