2023,1,6,15.2,7.5,11.3,100,68,88,.17,1.38,16,13.1,10.8,12.1,14.1,13.9,14,3,2,173,47,10.9,.6,0,.7,1.18,9.4
2023,2,6,14.3,7.9,10,92,50,80,.26,5.73,0,12.3,9.9,10.8,13.9,13.4,13.6,2.7,1.9,186,42,8.5,.3,.7,1.4,.98,6.7
2023,3,6,17.1,7.7,11.2,97,51,80,.31,11.82,0,15.2,9.6,11.8,13.4,13.1,13.3,1.8,1.1,156,44,5.2,1.3,1.6,1.6,1.04,7.5
2023,4,6,18.1,6.9,11.4,100,47,82,.31,12.1,0,15.5,10.2,12.3,13.5,13.3,13.4,1,.8,46,28,5.4,1.7,2,1.3,1.08,8.1
2023,5,6,15.8,4.2,9.8,100,63,89,.17,5.93,0,13.1,9.1,11.2,13.7,13.3,13.5,.7,.2,199,53,4.1,.7,.6,.9,1.07,8
2023,6,6,16.9,4.9,10.9,99,55,83,.28,10.5,0,14.7,9.1,11.8,13.4,13.2,13.3,1.1,.2,245,59,3.9,1,1.6,1.2,1.06,7.8
2023,7,6,19.4,2.4,9.8,100,30,76,.41,13.75,0,14.6,7.8,11,13.5,13.1,13.3,1.1,.1,297,64,4.6,1.8,2.2,1.6,.87,5
2023,8,6,20.4,2.8,10.4,98,37,75,.43,12.86,0,15.3,8,11.2,13.3,12.9,13.1,1.1,.3,176,59,4.5,2.2,1.9,1.6,.91,5.6
2023,9,6,20.2,2.5,10.5,100,39,78,.38,12.13,0,15.7,8.4,11.8,13.3,13,13.1,.6,.1,113,54,3.7,2.1,1.9,1.3,.97,6.5
2023,10,6,21.9,4.5,11.7,99,27,74,.47,10.79,0,15.9,9.3,12.2,13.4,13.1,13.3,.9,.2,240,60,3.1,2.9,1.6,1.5,.97,6.5
2023,11,6,18.5,5.9,12.6,88,32,60,.64,11.12,0,16.3,10.7,13,13.7,13.3,13.5,1.5,1,262,42,6.3,1.7,2,1.8,.85,4.6
2023,12,6,21.9,1,10.5,99,19,64,.64,13.31,0,16.2,8.5,12,13.8,13.3,13.5,1.1,.4,23,51,4.9,2.7,2.3,1.9,.74,2.7
2023,13,6,24.3,3.3,12.9,88,19,53,.88,12.73,0,16.8,9,12.6,13.6,13.3,13.5,1.1,.7,28,43,4.6,3.9,2.6,2.1,.72,2.3
2023,14,6,17.4,3.4,10.5,92,43,72,.4,6.68,0,14.1,9.6,12,13.7,13.4,13.6,1,.1,161,64,4.8,1.2,.7,1.2,.9,5.4
2023,15,6,16.1,9.5,12.2,98,60,81,.28,4.42,1,13.9,11.6,12.4,13.6,13.5,13.5,1.6,.6,233,60,6.2,1,.4,1.2,1.15,9
2023,16,6,15.6,9.9,12.7,100,70,87,.21,5.01,8.6,13.3,11.4,12.3,13.6,13.5,13.5,3.4,3.2,153,21,8.5,.9,.7,1.2,1.26,10.4
2023,17,6,15.5,6,11.1,85,40,65,.48,13.6,.3,13.8,9.7,11.9,13.6,13.5,13.5,3.5,3,246,32,9.4,.7,2.7,2.2,.85,4.6
2023,18,6,15.5,4.3,9.1,89,35,65,.46,13.93,0,14,7.9,10.4,13.6,13,13.2,1.8,.8,229,55,6.1,.6,2.4,1.8,.73,2.5
2023,19,6,16,.1,7.2,98,27,73,.36,14.2,0,14.2,6.6,10.1,13.1,12.6,12.9,.8,.2,164,57,4.6,.6,2,1.4,.71,2.1
2023,20,6,13.7,3.5,8.5,87,31,60,.5,14.15,0,14.1,8.2,10.5,12.8,12.5,12.7,2.4,1.7,251,43,7.7,.1,2.7,2,.63,.4
2023,21,6,14.6,-.3,6.4,95,32,68,.39,14.17,0,14.3,6.3,9.9,12.8,12.2,12.5,.8,.2,264,52,3.7,.3,2,1.4,.62,.2
2023,22,6,17,-1.1,7.3,96,31,65,.46,13.97,0,14,6.3,9.9,12.5,12,12.3,1.3,.4,186,56,6.7,.9,2.2,1.8,.62,.2
2023,23,6,10.7,.5,6.4,83,29,49,.51,12.48,0,12.9,7.1,9.9,12.4,12,12.2,2.2,1.2,246,49,8.2,0,2,1.8,.46,-3.8
2023,24,6,12.8,-1.3,5.1,96,37,72,.32,14.59,0,13.6,6,9.5,12.2,11.8,12,.9,.2,266,52,5.5,0,2.1,1.4,.6,-.2
2023,25,6,15.2,-1.8,5.9,96,29,68,.4,14.83,0,13.9,5.8,9.5,12,11.6,11.8,1,.6,312,36,4.6,.4,2.2,1.6,.59,-.5
2023,26,6,16.4,-.4,7.9,78,12,39,.76,15.19,0,13.1,5.8,9.2,11.9,11.5,11.7,2.8,2.6,14,20,10,.8,3.7,3,.37,-6.7
2023,27,6,17.1,-1.8,7.3,73,13,42,.71,15.36,0,14.3,5.5,9.5,11.8,11.3,11.6,.7,.4,6,34,4.5,.9,2.6,1.6,.39,-6
2023,28,6,19.3,-2.6,7.1,88,15,54,.63,15.34,0,14.7,5.6,9.8,11.7,11.3,11.5,.5,.1,19,44,5.4,1.6,2.5,1.5,.49,-3
2023,29,6,21.9,-1.3,9.6,88,12,50,.83,15.39,0,14.8,6.3,10.4,11.8,11.4,11.6,2.2,1.7,201,31,11.9,2.5,3.7,3.1,.51,-2.5
2023,30,6,17,4.7,10.4,89,41,67,.47,9.27,0,13.9,8.8,11.1,12,11.7,11.9,2.9,2.2,175,36,8.9,1.1,1.6,2.2,.82,4.1
2023,31,6,16.9,3.6,9.5,97,47,79,.31,11.94,.3,15.3,8.9,11.4,12.2,11.9,12,1.3,.4,255,62,4.3,1,1.9,1.6,.91,5.6
2023,32,6,18.9,.9,10.3,100,23,65,.58,15.62,0,16,8.2,11.9,12.4,12.1,12.2,1.6,1,286,40,5.6,1.6,3,2.2,.74,2.7
2023,33,6,20,.6,9.4,92,20,57,.68,16.02,0,16.8,8,12.1,12.6,12.3,12.5,.7,.1,219,51,3.3,1.9,2.8,1.8,.6,-.2
2023,34,6,22.9,.6,11.4,87,15,54,.84,11.43,0,15.5,8.5,11.9,12.8,12.4,12.6,1,.5,72,41,6.7,3,2.3,2.1,.65,.9
2023,35,6,24.1,1.9,12.2,93,18,52,.9,16.09,0,18,8.8,13,12.9,12.6,12.7,1,.5,179,51,3.4,3.6,3,2.4,.66,1.1
2023,36,6,23.5,1,12.2,91,18,53,.88,16.19,0,18,9.2,13.3,13.2,12.9,13,1.2,.7,230,43,5.3,3.4,3.1,2.5,.68,1.5
2023,37,6,19.5,4.5,12.1,78,19,45,.89,16.46,0,16.8,10,13.2,13.4,13.2,13.3,3.1,2.1,271,45,10.1,2,4.2,3.5,.58,-.7
2023,38,6,19,1.3,10.3,71,15,41,.88,16.65,0,17,8.9,12.7,13.6,13.1,13.4,1.4,.7,322,47,6.7,1.6,3.4,2.5,.46,-3.8
2023,39,6,20.4,-.8,9.7,83,16,45,.83,16.48,0,17.5,8.4,12.6,13.5,13,13.3,.6,.3,252,40,3.6,2,3,1.9,.48,-3.3
2023,40,6,20.6,.3,9.5,79,7,41,.89,17.06,0,17.4,8.7,12.7,13.6,13.1,13.3,1.7,1.5,31,21,8.8,2.2,3.9,3,.41,-5.4
2023,41,6,20.8,.5,12,58,12,24,1.2,17.29,0,12.1,6.7,9.5,13.7,12.8,13.2,4.1,3.8,78,19,12.6,2.3,5.4,4.9,.31,-9
2023,42,6,24.2,7.9,15.4,44,9,20,1.48,13.21,0,15.5,8.1,10.9,12.8,12.3,12.5,3.2,2.8,96,27,10.3,4.4,4.3,5,.33,-8.2
2023,43,6,25.9,.3,12.3,77,9,41,1.1,16.81,0,17.2,7.4,11.9,12.7,12.3,12.5,1.4,.6,222,43,8.2,4.2,3.6,3.2,.51,-2.5
2023,44,6,14.1,4.5,9,91,44,65,.42,11.26,.5,14,9.6,11.6,12.9,12.6,12.8,2.1,1.6,180,31,11.1,.2,2,1.9,.75,2.9
2023,45,6,16.9,5.1,10.3,94,40,70,.46,12.25,8.4,13.4,8.3,10.7,12.8,12.4,12.6,6.3,5.2,194,35,14.8,1.1,3.1,3.1,.84,4.5
2023,46,6,11.6,1.6,6.9,87,23,56,.48,17.92,.3,12.7,7.1,9.8,12.6,12.2,12.4,2.6,2.2,278,29,10,0,3.1,2.4,.53,-1.9
2023,47,6,13.8,-1.3,5.5,93,20,61,.45,18.18,0,12.5,5,8.5,12.3,11.6,11.9,1.4,1.3,32,19,7.1,.1,3.3,2.1,.5,-2.7
2023,48,6,18.5,-.2,9.3,78,16,44,.81,14.26,0,12.1,5.2,8.6,11.8,11.2,11.5,3.5,3.2,75,20,13.6,1.4,4,3.7,.46,-3.8
2023,49,6,23.3,5.1,13.8,64,17,39,1.08,18.2,0,17.3,7.9,12.1,11.9,11.3,11.5,1.9,.5,113,66,6.3,3.7,3.9,3.5,.58,-.7
2023,50,6,23,5.5,13.5,85,24,54,.85,11.62,0,16.1,9.8,12.8,12.4,11.9,12.2,1.5,1,187,43,5.3,3.5,2.5,2.7,.79,3.6
2023,51,6,24.9,6.6,15.6,88,30,59,.89,16.97,0,19.8,10.6,14.9,13.1,12.4,12.7,.9,.2,19,58,5.9,4.5,3.3,2.6,.99,6.8
2023,52,6,18.8,10.3,14,96,52,74,.44,9.21,5.1,16.3,13.2,14.5,13.7,13.1,13.5,3.5,3.2,195,24,12.3,2.4,1.6,2.4,1.17,9.3
2023,53,6,14.2,5,11.1,80,20,47,.72,14.25,.5,13.9,10.3,12.1,13.8,13.4,13.6,7,6,236,30,18.2,.2,4.4,3.6,.62,.2
2023,54,6,15.4,5.4,10.2,70,34,51,.65,12.42,0,14.3,8.9,11.5,13.4,12.8,13.1,2.7,2.4,184,23,9.2,.6,2.5,2.7,.63,.4
2023,55,6,20,2,10.6,95,28,62,.61,18.89,0,16.1,7.8,11.8,13,12.5,12.8,1,.4,133,50,5.2,2,3.4,2.5,.75,2.9
2023,56,6,24.8,6,13.7,88,13,53,.95,14.4,0,15,9.7,11.8,12.9,12.7,12.8,2.2,1.6,190,37,11.6,4.4,3.7,3.7,.73,2.5
2023,57,6,14.4,3.8,9.6,93,34,66,.46,16.06,3.3,13.8,9.7,11.3,12.9,12.7,12.8,3,2.3,255,35,10,.3,3.1,2.5,.76,3
2023,58,6,17.9,.2,8.8,99,24,65,.53,18.89,0,16.4,6.7,11.2,12.9,12.3,12.6,.7,.2,126,49,3.9,1.2,3.2,2.2,.68,1.5
2023,59,6,18.1,3.2,10.6,89,31,58,.64,18.52,0,17,8.1,12.3,12.8,12.5,12.6,1.8,1,250,46,8.2,1.4,3.7,2.8,.7,1.9
2023,60,6,20,4.4,10.6,93,32,63,.58,15.22,10.7,15.7,9.6,12.2,13,12.7,12.9,5.2,4.3,190,32,16.3,2.2,4,4.1,.76,3
2023,61,6,12.6,3.9,7.2,92,46,73,.3,15.49,0,15.1,8.4,11.2,13,12.6,12.8,1.2,.5,201,50,7.1,0,2.2,2,.73,2.5
2023,62,6,17,1.2,9.1,99,37,71,.42,20.19,0,16.2,7.4,11.5,12.8,12.3,12.6,.8,0,4,56,5.2,1,3.2,2.3,.79,3.6
2023,63,6,21.4,2.7,11.5,99,29,67,.6,20.55,0,18,8.2,12.7,12.9,12.5,12.7,1,.5,143,47,4,2.6,3.7,2.8,.85,4.6
2023,64,6,23.3,3.4,13.3,96,22,62,.77,16.65,0,18.5,9.6,13.8,13.3,12.9,13.1,.7,.1,224,56,3.9,3.5,3,2.5,.86,4.8
2023,65,6,23.5,7.9,15.2,84,20,52,.98,17.99,0,20.2,11.1,15.3,13.9,13.3,13.5,1.4,.5,208,58,4.9,4.1,3.7,3.3,.82,4.1
2023,66,6,24.6,10.1,16.2,81,19,48,1.09,16.67,0,21.3,13.4,16.7,14.6,13.9,14.2,.9,.2,216,56,4.6,5.1,3.2,3,.82,4.1
2023,67,6,24.5,4.5,14.4,88,16,48,1.09,20.68,0,21.5,11.5,16.2,14.8,14.4,14.7,1.2,.7,273,41,6.9,4.1,4.4,3.4,.69,1.7
2023,68,6,23.5,4.2,14,81,15,45,1.05,17.76,0,20.3,11.6,15.9,15,14.6,14.9,.7,.4,89,42,4,3.7,3.4,2.7,.66,1.1
2023,69,6,27.2,4.8,16.5,87,12,45,1.32,19.25,0,21.8,11.9,16.6,15.1,14.7,14.9,1.2,.5,239,48,5.2,5.3,4.4,3.6,.73,2.5
2023,70,6,25.2,13.7,19.8,68,39,48,1.26,13.75,0,21,15.3,18.1,15.7,15.1,15.4,2.5,1.3,220,55,8.6,6.7,3.3,3.9,1.1,8.4
2023,71,6,26.7,12.9,20,78,19,42,1.49,21.67,0,23.1,15.3,18.9,16.2,15.7,15.9,2.6,2.1,261,35,9.7,7,5.7,5,.92,5.8
2023,72,6,26.1,10.7,17.8,68,18,42,1.34,21.32,0,23.5,14.8,18.8,16.6,16.2,16.3,2,1.1,223,51,8.7,6,5,4.5,.8,3.8
2023,73,6,27.1,6.4,17.9,82,17,44,1.35,17.75,0,23.2,14.4,18.7,16.8,16.4,16.6,1,.3,119,51,5.5,5.5,3.8,3.3,.83,4.3
2023,74,6,18.2,12.7,15.2,100,53,75,.44,6.08,11.4,18.8,15.6,17.1,17,16.7,16.8,1.8,.7,118,59,7.3,2.7,.7,1.8,1.29,10.7
2023,75,6,21.5,9.7,15.2,100,35,76,.51,19.27,.3,20.1,13.4,16.5,16.7,16.1,16.4,1.6,.8,267,53,6.6,3.5,3.6,3.1,1.26,10.4
2023,76,6,22.3,6.3,14.4,99,24,62,.78,21.05,0,21.4,12.2,16.5,16.4,16,16.2,1,.7,326,28,6.3,3.4,4.3,3.2,.94,6.1
2023,77,6,23.1,6,15.2,83,15,47,1.07,22.18,0,21.5,11.9,16.5,16.4,15.9,16.2,1.9,1.5,50,31,7.9,3.6,5.2,4,.74,2.7
2023,78,6,23,12.2,16.7,65,21,39,1.2,13.52,0,19.7,13.9,16.5,16.4,16,16.2,3.7,3.2,87,28,10.6,4.9,4.1,4.9,.74,2.7
2023,79,6,24.3,11.2,17.5,68,28,44,1.2,17.85,0,21.3,13.5,17.3,16.3,16,16.1,2.7,1,219,59,7.9,5.2,4.6,4.5,.87,5
2023,80,6,20.9,15.9,17.7,73,40,58,.87,4.5,0,17.9,16.2,16.9,16.5,16.3,16.4,4.5,3.2,201,42,12.1,5.6,1.7,3.5,1.16,9.1
2023,81,6,19.3,10.3,15.2,92,29,61,.7,13.8,0,19.8,15.6,16.9,16.4,16.2,16.3,3.3,2.1,219,44,13.3,2.6,2.6,3.2,1.04,7.5
2023,82,6,20.6,5.7,13.8,94,22,52,.89,23.32,0,22.1,12.8,17.1,16.5,16,16.3,1.5,1.2,277,23,8.2,2.5,4.9,3.6,.75,2.9
2023,83,6,20.2,8.7,14.1,63,23,42,1,23.65,0,21.5,13.6,17.2,16.6,16.2,16.4,2.5,2.3,264,17,9.7,2.8,5.2,4.4,.65,.9
2023,84,6,21.8,4.4,13.9,75,16,37,1.14,23.93,0,22.6,12.3,17.1,16.7,16.1,16.4,1.4,.9,271,38,7.3,2.9,5.2,3.9,.53,-1.9
2023,85,6,21.4,5.2,14.1,57,12,29,1.26,24.42,0,22.3,13,17.4,16.7,16.3,16.5,1.6,1.3,284,26,8.4,2.8,5.7,4.2,.42,-5
2023,86,6,22.8,4.2,13.9,54,5,25,1.35,24.91,0,22.1,12.7,17.1,16.8,16.3,16.6,1.7,1.5,4,19,8,3.3,5.8,4.5,.34,-7.8
2023,87,6,26.7,3.5,16.1,57,8,24,1.61,24.64,0,23.9,12.5,17.9,16.8,16.3,16.6,1.2,.6,248,46,7.1,4.9,5.8,4.3,.39,-6
2023,88,6,28.8,4.7,18.3,57,7,23,1.87,25,0,24.4,14,19.1,17.2,16.7,16.9,2.3,1.6,204,40,9.7,6,6.8,5.9,.42,-5
2023,89,6,19.2,10.1,14.6,77,23,39,1.05,18.87,1.8,20.2,15.7,17.8,17.5,17.2,17.4,3.9,3.3,246,31,11,2.5,4.6,4.9,.62,.2
2023,90,6,22.1,4.6,13.9,72,14,39,1.12,24.57,0,23.1,12.4,17.5,17.4,16.7,17,1.2,.5,26,48,6.4,3.1,4.9,3.9,.55,-1.4
2023,91,6,28.3,3.1,16.4,73,7,32,1.58,23.5,0,24.1,13.2,18.3,17.2,16.8,17,1.2,.6,298,45,5.6,5.6,5.6,4.4,.49,-3
2023,92,6,29.1,9.4,18.3,42,10,25,1.79,25.71,0,25.6,14.7,19.8,17.7,17.2,17.4,1.7,1.2,176,39,5.3,7.1,6.2,5.4,.47,-3.6
2023,93,6,28.2,8.4,18.8,49,11,22,1.87,25.48,0,21.7,15.5,18.3,18,17.7,17.8,4.6,3.6,242,37,15.1,6.4,8.3,7.9,.44,-4.4
2023,94,6,16.8,4.3,11.6,38,6,17,1.18,26.15,0,15.7,10.7,13.1,17.9,16.7,17.3,3.6,3.4,283,17,12.5,1,7,5.3,.21,-13.8
2023,95,6,20.2,-.6,10.9,59,8,24,1.16,25.89,0,17.4,7.8,12.4,16.7,15.4,15.9,1.2,.9,342,29,7,2,5.3,3.9,.26,-11.2
2023,96,6,26.6,2.1,14.9,59,6,24,1.54,21.99,0,19.7,9.4,14.4,15.7,15.1,15.4,1.1,.5,324,45,5.2,4.7,5.2,4.1,.35,-7.4
2023,97,6,29.8,5.5,17.7,54,8,24,1.81,23.56,0,22.3,11.5,16.7,15.9,15.4,15.6,1,.3,304,54,5.3,6.6,5.3,4.4,.43,-4.7
2023,98,6,29.8,8.7,19.3,51,7,23,1.98,24.19,0,23.5,13.1,18.2,16.5,15.9,16.1,1.4,.1,222,68,6.1,7.3,5.6,5.1,.44,-4.4
2023,99,6,32.5,7.5,21.1,66,7,25,2.23,26.21,0,25.5,14.5,19.8,17.1,16.5,16.7,1,.2,319,58,5.6,8,6.2,4.9,.53,-1.9
2023,100,6,37.8,9.4,24.3,62,5,23,2.86,26.44,0,26.9,15.9,21.2,17.8,17.1,17.4,1.3,.3,37,63,6.7,9.6,7.1,6,.57,-1
2023,101,6,37.3,12.4,25.5,64,8,23,2.93,26,0,28,17.5,22.5,18.6,17.8,18.2,1.5,.8,247,52,7.9,10.3,7.2,6.2,.65,.9
2023,102,6,35.4,16.3,25.1,34,5,17,2.87,22.44,0,25.9,18.5,22.3,19.1,18.6,18.8,3.1,2.3,201,40,10,11.8,7.7,8.1,.5,-2.7
2023,103,6,29.4,16.1,22.6,37,14,22,2.19,22.72,0,25.9,18.8,22,19.3,19,19.1,3.7,2.4,213,48,10,10,7.6,7.5,.61,0
2023,104,6,26,11.6,18.9,58,20,36,1.52,26.69,0,26.6,17.6,21.8,19.4,19,19.3,2.8,1.3,219,58,8.6,6.2,6.6,6.1,.73,2.5
2023,105,6,29.9,10.8,20,57,11,32,1.84,26.79,0,27.3,17.2,22,19.6,19.1,19.4,1.5,.5,144,61,6.1,7.9,6.1,5.5,.66,1.1
2023,106,6,32.8,10.7,22,64,7,26,2.3,26.63,0,28.4,17.7,22.8,19.9,19.4,19.6,1.3,.4,180,64,5.8,8.9,6.8,5.6,.58,-.7
2023,107,6,33.2,12.8,23.4,49,9,23,2.51,27.2,0,29.1,18.7,23.7,20.3,19.8,20,2,1.1,212,51,7.5,9.7,7.5,6.7,.59,-.5
2023,108,6,30.5,14.4,22.4,36,8,18,2.36,25.66,0,27.8,19.4,23.4,20.6,20.2,20.4,3.3,1.8,221,54,8.8,9.6,8.1,7.7,.47,-3.6
2023,109,6,27.3,9.5,20.1,58,7,21,2,27.64,0,27,18.5,22.6,20.7,20.3,20.5,2.8,2.3,268,32,9.1,6.3,7.9,6.7,.44,-4.4
2023,110,6,29.3,8.2,19.5,49,6,20,2.05,27.87,0,26.2,17.7,22,20.7,20.2,20.5,2,.5,297,69,9.1,6.9,7.3,6.2,.38,-6.4
2023,111,6,31.8,6.9,21.2,55,5,21,2.32,27.93,0,24.3,15.7,20.1,20.8,20.1,20.4,1.5,.4,243,64,6,7.5,7,5.9,.43,-4.7
2023,112,6,34,11.3,23.7,48,10,23,2.56,27.18,0,24.9,15.5,20.2,20.3,19.6,19.9,1.6,.4,283,63,8.1,9.2,7.2,6.3,.6,-.2
2023,113,6,34.7,14.7,24.9,53,10,24,2.67,27.56,0,28.8,17.2,22.7,20.3,19.8,20,1.8,.6,237,65,7.6,10.9,7.6,6.7,.69,1.7
2023,114,6,33.8,17.5,25.4,35,10,19,2.8,26.92,0,29.1,18.9,23.7,20.8,20.3,20.5,2.7,1.5,215,55,8.6,12.1,8.3,7.8,.59,-.5
2023,115,6,32.7,15.3,24.8,47,13,26,2.51,27.53,0,28.9,19.6,24.1,21.1,20.7,20.9,3.4,2.1,238,50,10.2,10.7,8.7,8.1,.77,3.2
2023,116,6,31.7,12.5,23.7,47,7,17,2.58,28.44,0,29.4,19.8,24.3,21.4,20.9,21.2,2.4,1.2,337,56,6.8,9.2,8.1,7.2,.48,-3.3
2023,117,6,34.9,10.1,23.5,64,6,23,2.66,28.09,0,30,19.2,24.4,21.6,21.1,21.3,1.5,.5,262,61,7.6,9.1,7.4,6.4,.54,-1.7
2023,118,6,36.2,13.2,26.5,51,6,18,3.13,28.38,0,31,20.4,25.5,21.9,21.4,21.6,1.5,0,250,74,9.5,10.5,7.9,6.6,.56,-1.2
2023,119,6,37.1,12.4,26,53,5,20,3.08,28.94,0,31.3,20.6,25.7,22.2,21.8,22,1.4,.6,77,53,6.5,10.2,7.8,6.6,.59,-.5
2023,120,6,39.3,11.9,27.4,60,5,18,3.46,26.93,0,31.4,21,26.2,22.5,22.1,22.3,1.6,.3,219,70,5.6,10.5,7.5,7,.55,-1.4
2023,121,6,34.2,18.1,26.7,32,9,17,3.07,28.3,0,29.6,22.7,26.1,22.8,22.5,22.7,5.7,5.2,186,25,14.2,12.4,11.5,11.2,.57,-1
2023,122,6,32.5,12.9,24.2,51,11,24,2.51,28.06,0,30.3,21.1,25.7,23,22.5,22.8,2.6,1.6,211,48,11,9.5,8.3,7.4,.67,1.3
2023,123,6,30.7,14.6,23.5,57,12,30,2.22,28.08,0,29.9,21.7,25.7,23.1,22.7,22.9,3.4,2.9,202,33,11.8,9.8,8.5,7.8,.8,3.8
2023,124,6,27.6,12.3,20.8,58,15,30,1.82,28.66,0,27.2,21.1,24.1,23.2,22.8,23,3.3,2.2,226,46,9.8,7.2,8.2,7.1,.71,2.1
2023,125,6,27.3,10.7,19.8,57,17,33,1.69,28.55,0,24.7,17,20.9,23.1,22,22.6,2.1,1.1,227,53,7.2,6.5,6.9,6.1,.71,2.1
2023,126,6,30.4,11.6,21.6,54,13,28,2.08,29.11,0,25.8,16.2,20.9,22.1,21.3,21.7,1.9,.9,230,57,7.5,8.4,7.4,6.4,.66,1.1
2023,127,6,32,13.1,22.9,47,11,24,2.37,28.95,0,29.2,17.2,23,21.7,21.2,21.4,2,1,231,56,6.4,9.5,7.5,6.8,.61,0
2023,128,6,33.7,12.8,24.4,41,9,21,2.68,29.43,0,30.6,19,24.6,22.1,21.5,21.7,1.9,1.1,226,53,7,9.8,8.2,7,.59,-.5
2023,129,6,34,14.6,25.2,42,10,20,2.82,29.14,0,31.1,20.2,25.5,22.5,22,22.2,2.3,1.4,220,49,8.1,10.7,8.3,7.6,.58,-.7
2023,130,6,26.3,14.1,20.2,47,11,26,1.82,27.36,0,28.4,20.9,24.3,22.7,22.3,22.5,2.9,2.1,260,41,10.9,7.4,7.5,6.8,.58,-.7
2023,131,6,31.4,11.1,22.2,49,11,24,2.29,29.12,0,30.3,19.2,24.6,22.6,22,22.3,1.4,.7,207,56,5.4,8.6,7.5,6,.57,-1
2023,132,6,35,16.1,25.4,41,9,22,2.82,29.05,0,31.6,20.8,26,22.8,22.3,22.5,1.9,.9,197,59,7,11.7,8.1,7.2,.64,.6
2023,133,6,36.6,17.6,27.8,39,8,19,3.28,29.06,0,32.4,22.4,27.2,23.3,22.8,23,2.5,1.3,223,54,12.5,12.6,8.8,8.3,.65,.9
2023,134,6,37.5,17.4,28.7,47,10,24,3.29,28.8,0,32.9,23,27.9,23.8,23.3,23.5,2.5,1.5,119,49,9.1,12.7,8.7,8.3,.88,5.1
2023,135,6,37.9,20.4,30.4,58,13,27,3.42,27.28,0,33.9,24.9,29.2,24.4,23.8,24,2.3,1.2,117,55,9.1,14,8.3,7.9,1.09,8.2
2023,136,6,38.7,22.7,30,83,11,31,3.25,27.73,1.8,35.5,26.2,30.2,25.2,24.4,24.7,2.7,.5,149,71,15.9,15.1,8.6,8.7,1.16,9.1
2023,137,6,37.3,19.5,29.1,87,15,41,2.78,25.64,0,33.8,25,29.1,25.4,24.9,25.1,2.2,.4,319,69,10.8,13.5,7.2,7.3,1.44,12.4
2023,138,6,36.6,21.1,28.4,68,15,40,2.6,26.09,0,34.4,25.5,30,25.8,25.2,25.4,3.5,999,999,999,14.2,14.1,8.1,8.6,1.41,12.1
2023,139,6,33.2,19.9,25.5,79,21,50,1.8,19.84,0,32.8,26,28.8,25.9,25.5,25.7,2.6,1.1,329,59,14.8,13.1,5.3,6.2,1.55,13.5
2023,140,6,35.5,17.3,26.9,71,10,39,2.47,28.09,0,34.6,24.8,29.5,25.9,25.4,25.6,1.6,.4,328,65,5.9,12.3,7.3,6.7,1.24,10.1
2023,141,6,37.7,17.2,29,64,9,29,3.16,28.94,0,35.5,25.4,30.2,26.2,25.7,25.9,1.9,.4,172,68,6.5,12.5,7.8,7.5,1.05,7.7
2023,142,6,37.6,21,30.1,42,8,21,3.6,29.73,0,36.3,26.5,31.3,26.7,26.2,26.4,2.3,1.1,205,57,6.7,14.2,8.8,8.3,.83,4.3
2023,143,6,38.1,16.9,29.5,42,5,16,3.74,30.28,0,35.9,26.3,31.1,27,26.6,26.8,2.5,1.8,200,43,8.8,12.5,9.4,8.7,.6,-.2
2023,144,6,36.7,18.8,29.1,43,8,18,3.52,30.14,0,35.5,26.3,30.7,27.2,26.8,27,2.9,2.1,188,41,9.3,13.2,9.7,9,.67,1.3
2023,145,6,37,15.4,28.3,51,6,17,3.47,30.73,0,35.4,25.8,30.5,27.4,26.9,27.1,2.9,2.1,189,42,8.4,11.7,9.8,9.1,.58,-.7
2023,146,6,35.7,18.7,27,47,6,20,3.08,30.38,0,34.9,25.9,30.3,27.4,26.9,27.2,3.1,1.7,204,53,8.5,12.9,9.7,9.1,.66,1.1
2023,147,6,35.5,17.5,26.4,37,8,20,2.99,30.37,0,35.7,25.4,30.4,27.5,26.9,27.2,1.9,.5,175,64,6.1,12.4,8.4,7.5,.64,.6
2023,148,6,37.4,18.5,28.3,34,5,17,3.48,30.67,0,35.9,25.8,30.7,27.6,27.1,27.3,2.7,1.4,195,55,7.7,13.1,9.5,9,.57,-1
2023,149,6,37.3,16.7,28.4,42,7,18,3.45,30.52,0,35.7,26.1,31,27.8,27.3,27.6,2.7,1.7,216,49,10.3,12.3,10,8.9,.64,.6
2023,150,6,36.7,16.2,28,52,7,20,3.31,30.44,0,35.7,26.2,31,28,27.5,27.7,2.7,2,194,41,9.4,12,9.7,8.8,.67,1.3
2023,151,6,32.9,15,25.3,37,9,21,2.72,29.51,0,34,25.8,29.9,28.1,27.5,27.8,3.6,2.7,206,39,11.5,10.7,9.8,8.9,.64,.6
2023,152,6,32.7,15.8,25.2,46,10,24,2.6,30.24,0,33.9,25.1,28.9,27.9,27.3,27.6,1.9,.6,161,65,6.6,11,8.3,7.1,.74,2.7
2023,153,6,34,18.2,26.5,42,10,25,2.79,29.91,0,29.2,22.2,25.9,27.9,26.8,27.3,1.7,1,191,49,6.1,12.5,8.1,7.1,.8,3.8
2023,154,6,37.4,19.3,29.3,47,10,23,3.38,30.03,0,30.2,21,25.6,26.8,25.9,26.3,2.1,1,224,57,5.9,13.5,8.7,8,.88,5.1
2023,155,6,39.4,21.6,31,30,8,17,3.97,30.29,0,34.9,22.5,28.5,26.3,25.8,26,2.3,.8,238,66,6,14.6,9.3,8.7,.71,2.1
2023,156,6,39.8,17.9,30.3,42,4,14,4.05,29.68,0,34.9,24.9,29.9,26.9,26.3,26.5,2.9,2.2,199,38,10.9,13.1,10.1,9.7,.51,-2.5
2023,157,6,37,15.7,27.8,42,5,15,3.49,30.48,0,33.7,24.5,29.1,27.1,26.6,26.9,3.3,2.4,201,42,10.9,11.8,10.7,9.8,.49,-3
2023,158,6,35.6,12.2,26.7,60,5,16,3.21,30.73,0,34.4,24,29.2,27.2,26.6,26.9,2.3,1.2,228,55,10.2,10.1,9.3,8.1,.52,-2.2
2023,159,6,35.1,12.9,26.1,50,5,17,3.08,28.98,0,34.2,24.4,29.3,27.3,26.8,27,2,1,226,56,6.2,10.2,8.4,7.5,.51,-2.5
2023,160,6,35.8,16.9,26.8,38,8,19,3.09,29.52,0,34.5,24.6,29.4,27.3,26.8,27.1,1.9,1.2,177,45,7,12.1,8.4,7.5,.6,-.2
2023,161,6,37.7,13.7,27.7,58,4,19,3.39,29.56,0,35,25,29.9,27.4,27,27.2,2.1,1.1,213,55,7.6,11,8.8,8.1,.58,-.7
2023,162,6,33.5,14.7,26.1,52,11,23,2.75,30.36,0,33.1,25.4,29.3,27.6,27.1,27.4,3.5,2.8,213,36,13.9,10.6,9.8,8.9,.76,3
2023,163,6,33,16.5,25.2,48,15,31,2.39,30.21,0,34.6,24.8,29.6,27.5,27,27.3,2,.9,214,60,7.1,11.4,8,7.2,.93,5.9
2023,164,6,35,19.3,27.4,51,12,28,2.82,30.28,0,35.7,26.1,30.7,27.7,27.2,27.5,1.9,.8,215,57,6.7,13.1,8.3,7.5,.96,6.4
2023,165,6,36.8,17,28.2,57,12,25,3.16,30.31,0,36.1,26.2,31.1,28,27.6,27.8,2,.9,219,58,6.8,12.4,8.6,7.8,.88,5.1
2023,166,6,36.8,19.7,28.5,41,11,24,3.21,29.72,0,33.5,26.7,30.2,28.3,27.9,28.1,1.9,1,188,56,6,13.5,8.4,7.7,.87,5
2023,167,6,37.6,18.9,29.4,47,6,19,3.63,30.77,0,29.5,23.2,26.5,28.5,27.5,28,2.2,1.1,217,58,7.2,13.3,9.5,8.4,.69,1.7
2023,168,6,39.1,20,30.3,38,8,18,3.81,30.62,0,34.2,21.1,27.5,27.6,26.5,27,1.8,.9,176,54,5.5,13.9,9.1,7.9,.74,2.7
2023,169,6,41.1,20.5,31.9,41,6,16,4.36,30.42,0,35.5,24.9,30.2,27.4,26.9,27.1,2.9,2,229,43,10.5,14.3,10.4,10,.67,1.3
2023,170,6,40.3,19.8,31,34,5,15,4.11,28.47,0,36.2,25.8,30.8,27.8,27.3,27.5,2.2,1.6,233,42,9.7,14,9.1,8.5,.6,-.2
2023,171,6,38.7,20.3,30.4,39,8,18,3.82,30.9,0,36.1,26.8,31.5,28.2,27.7,27.9,2.3,1.4,250,46,10,14.1,10,8.7,.74,2.7
2023,172,6,39.8,19.6,31.1,39,7,16,4.11,29.84,0,36.5,26.6,31.6,28.4,27.9,28.2,2.1,1.1,221,55,7.5,13.8,9.3,8.4,.65,.9
2023,173,6,39.4,18.8,30.7,42,4,13,4.14,30.72,0,37,26.8,31.8,28.6,28.1,28.4,2.4,1.5,213,49,6.5,13.4,9.2,9,.53,-1.9
2023,174,6,36.9,18.3,28.2,41,4,13,3.58,31.49,0,36.4,26.8,31.5,28.8,28.3,28.6,2,1.5,254,40,5.8,13,9.1,8.1,.44,-4.4
2023,175,6,39.7,14,28,47,2,14,3.71,31.65,0,36.6,25.5,31,28.9,28.2,28.5,1.4,.4,203,64,5,11.4,9,7.4,.43,-4.7
2023,176,6,42.2,21.2,31.8,33,4,13,4.44,29.97,0,37.5,26.9,32.1,28.8,28.3,28.6,1.7,.7,230,60,5.2,14.7,9.1,8,.58,-.7
2023,177,6,42.8,21.9,32.6,30,4,13,4.65,27.58,0,37.4,28,32.7,29.1,28.7,28.9,1.5,.6,248,60,5.6,15,8.6,7.5,.57,-1
2023,178,6,41.9,20.4,32,40,4,15,4.39,30.38,0,37.9,28,32.9,29.4,28.9,29.1,2.2,1.4,250,48,7.5,14.4,9.7,8.9,.65,.9
2023,179,6,40.6,19.8,31.2,49,7,21,3.9,30.1,0,38.1,28.3,33.1,29.6,29.1,29.4,2.1,1.1,267,53,7.9,14,9.3,8.5,.9,5.4
2023,180,6,40,18.5,30.2,42,5,16,3.91,30.79,0,34.3,27.9,31.2,29.8,29.3,29.6,1.7,.2,224,71,6.2,13.4,9.2,7.9,.63,.4
2023,181,6,41.6,21.1,31.7,30,5,16,4.26,30.52,0,31.8,23.8,28.2,29.8,28.7,29.2,1.6,.8,179,54,6.2,14.6,9.1,7.9,.72,2.3
2023,182,6,43.3,24.4,34,38,6,14,4.9,30.15,0,34.3,22.8,28.5,28.8,27.9,28.3,2.1,1.2,217,50,8.1,15.9,9.4,8.9,.72,2.3
2023,183,6,43.2,26,35.9,23,7,14,5.34,29.94,0,36.8,26.3,31.5,28.6,28,28.3,3.1,2.1,240,45,9.2,16.4,10.9,10.6,.8,3.8
2023,184,6,44.3,26.3,36.4,40,8,17,5.34,29.92,0,38,28.5,33.1,29.2,28.6,28.8,3,2.1,249,44,9.1,16.5,10.6,10.6,.96,6.4
2023,185,6,42.3,27.5,35.9,29,9,17,5.13,29.6,0,38.4,29.7,33.9,29.8,29.2,29.4,2.9,2.1,251,41,7.9,16.8,10.3,10.1,.94,6.1
2023,186,6,42.3,25.1,34.5,48,8,19,4.73,29.76,0,38.6,29.6,34,30.1,29.6,29.8,2.2,1.4,252,47,8.2,16,9.7,8.9,.97,6.5
2023,187,6,44.3,21.7,34.7,56,7,21,4.93,29.33,0,38.8,29.3,34,30.3,29.8,30.1,2.5,1.4,214,53,7.5,15,9.8,9.6,1,7
2023,188,6,43.4,24.3,34.5,36,7,18,4.83,29.67,0,39.6,29.8,34.6,30.5,30.1,30.3,2,1.2,243,52,6.9,15.9,9.4,8.7,.89,5.3
2023,189,6,43.5,24.6,34.8,32,9,17,4.9,29.44,0,39.7,30.1,34.9,30.8,30.4,30.6,2,.9,214,58,6.5,16,9.4,8.7,.91,5.6
2023,190,6,43,25.8,35.2,31,8,17,4.97,29.19,0,40.2,30.8,35.3,31.1,30.7,30.9,2.1,1.1,229,57,6,16.3,9.4,8.8,.91,5.6
2023,191,6,41.2,26.8,35,52,17,27,4.28,27.07,0,40.5,31.7,36,31.4,31,31.2,1.9,.2,291,74,5.7,16.5,8.4,7.9,1.47,12.7
2023,192,6,42.7,30.1,36.6,51,21,32,4.3,26.65,0,41.4,33,36.9,31.9,31.4,31.6,2.2,1.3,248,51,10.3,17.2,8.3,8.5,1.93,16.9
2023,193,6,42.8,31.7,37.3,40,19,27,4.8,26.19,0,41,33.9,37.2,32.3,31.9,32.1,2.6,2.3,259,29,7.3,17.2,8.8,9.2,1.67,14.7
2023,194,6,43.5,32.2,37.9,39,17,26,5.04,27.51,0,41.3,34,37.4,32.6,32.3,32.4,2.8,2.6,262,22,7.3,17.2,9.2,9.8,1.65,14.5
2023,195,6,44.7,29.3,38,45,13,25,5.23,26.85,0,41.3,33.7,37.4,32.9,32.5,32.7,2.6,2.1,249,38,7.1,17.2,9.3,9.5,1.56,13.6
2023,196,6,45.5,30.1,38.7,48,11,25,5.49,27.99,0,41.7,34,37.7,33.2,32.8,33,3,2.1,247,43,7.6,17.2,9.9,10.4,1.6,14
2023,197,6,43.5,31.3,37.4,42,19,29,4.7,23.56,0,41.3,34.5,37.6,33.4,33.1,33.3,2.7,1.6,219,51,6.1,17.2,8,9,1.8,15.8
2023,198,6,45.3,29.1,37.1,47,15,30,4.73,28,0,42.5,33.9,38,33.6,33.1,33.4,2.9,1.1,192,63,15.7,17.2,9.3,10.1,1.79,15.7
2023,199,6,45.9,27.5,37.1,59,13,30,4.83,26.56,0,42.8,34.3,38.4,33.9,33.5,33.7,1.8,.9,229,55,6.4,16.9,8.5,8.2,1.74,15.3
2023,200,6,46.3,29.6,38.3,46,10,25,5.41,28.45,0,42.8,34.5,38.6,34.2,33.7,34,2.2,1.3,233,51,8,17.1,9.7,9.3,1.57,13.7
2023,201,6,46,27.1,37.8,49,10,24,5.42,28.57,0,42.8,34.4,38.5,34.4,34,34.2,2.2,1.2,254,53,7.6,16.7,8.8,9.2,1.41,12.1
2023,202,6,44.8,30.1,37.9,43,12,23,5.26,28.26,0,38,32.9,36.3,34.6,34.2,34.4,2.9,1.7,243,51,12.1,17.2,9.5,10.2,1.47,12.7
2023,203,6,45.7,29.8,37.8,49,12,25,5.19,25.68,0,34.5,29.7,31.8,34.5,33,33.7,2.7,.4,222,72,15.4,17.2,9.1,9.6,1.56,13.6
2023,204,6,42.4,26.4,35.1,57,18,33,4.05,18.97,0,35.1,27.9,31.1,33.1,31.9,32.4,2.3,1,200,60,12.7,16.5,6.3,7.4,1.75,15.4
2023,205,6,45,29.3,37,47,14,27,4.81,25.49,0,40.5,30,34.6,32.1,31.6,31.8,2.3,1.2,223,54,10.4,17.1,8.6,8.8,1.61,14.1
2023,206,6,46.6,28.7,37.8,49,10,26,5.24,27.74,0,41.3,31.6,36.2,32.6,32.1,32.3,1.7,.7,270,59,5.7,17,8.7,8.3,1.58,13.8
2023,207,6,44.4,31.3,38.6,41,16,24,5.34,27.31,0,41.1,33.4,37.1,33.2,32.6,32.9,3.6,1.7,237,59,20.8,17.2,10.1,10.9,1.64,14.4
2023,208,6,44.2,26.6,36.5,58,15,30,4.58,25.93,0,41.2,33.2,37.1,33.5,33.1,33.3,2.2,1.2,275,52,7.3,16.5,8.7,8.5,1.74,15.3
2023,209,6,44.1,29.9,37.1,49,17,30,4.66,24.4,0,41.2,33.7,37.2,33.7,33.4,33.6,2.3,1.1,245,58,11.1,17.3,8.5,8.5,1.82,16
2023,210,6,44.6,30.1,37.8,50,16,28,4.97,26.16,0,42.2,34.2,37.9,34,33.6,33.8,1.8,.7,317,59,7.3,17.2,8.4,8,1.74,15.3
2023,211,6,42.1,27.3,36.5,72,18,31,4.33,23.61,.3,41.2,35.2,37.9,34.3,34,34.1,3.3,1.4,239,61,14.2,16.7,8.1,9.2,1.85,16.3
2023,212,6,39.6,25.4,32,78,21,48,2.8,25.1,0,40.7,32.8,36.5,34.4,33.8,34.1,2.3,.6,180,65,10.8,16,7.1,7.5,2.11,18.3
2023,213,6,40.7,25.1,33.4,77,21,42,3.33,26.22,0,40.7,32.8,36.6,34.1,33.6,33.9,1.6,.3,311,70,6.8,16,6.5,7.1,1.98,17.3
2023,214,6,42.1,30,36,45,16,28,4.39,24.9,0,40.9,33.8,37.1,34,33.7,33.9,2.4,1.7,250,43,9.7,17.2,8.1,8.4,1.64,14.4
2023,215,6,42.4,28.7,35.6,45,11,25,4.55,27.31,0,37.6,32,35.1,34.2,33.8,34,1.9,1.1,259,48,6.8,17,8.6,8.1,1.38,11.7
2023,216,6,43.7,24.8,35.4,58,9,19,5.02,28.08,0,34.1,27.4,30.9,34,32.6,33.3,1.6,.2,204,71,5.4,16.1,8.8,7.7,1,7
2023,217,6,45.2,26.8,36.1,37,6,17,5.31,27.91,0,37.1,26,31.1,32.7,31.5,32,2.2,1.2,237,52,7.6,16.6,9.2,8.9,.92,5.8
2023,218,6,43.4,27.6,36.8,36,11,23,4.87,25.69,0,38.9,29.2,34.1,32.1,31.6,31.8,2.3,1.6,260,44,7.3,16.8,8.7,8.5,1.47,12.7
2023,219,6,42.3,29.7,36.4,56,20,35,4.15,25.58,0,40.6,32,36.1,32.7,32,32.3,2,1.5,261,40,6.2,17.2,8.1,7.9,2.03,17.7
2023,220,6,41.5,29.2,34.8,61,23,37,3.66,25.69,0,40.6,32.8,36.4,33.1,32.7,32.9,3.1,1.4,204,60,11.5,17.2,7.7,9.1,2,17.5
2023,221,6,41.7,29.3,35.3,52,22,35,3.87,25.66,0,40.9,32.9,36.6,33.4,33,33.2,2.5,1,201,60,8,17.2,8.2,8.4,1.94,17
2023,222,6,41.7,29.2,35,46,17,31,4,23.71,0,40.3,33.2,36.5,33.6,33.2,33.4,2.6,1.8,197,43,8.2,17.1,7.9,8.4,1.7,14.9
2023,223,6,39.7,25.9,33.7,53,22,34,3.62,23.52,0,39.8,32.3,35.8,33.7,33.2,33.4,2.5,2.1,157,33,8,16.3,7.8,7.7,1.72,15.1
2023,224,6,40.3,25.5,33.1,57,15,32,3.69,26.94,0,40.2,31.7,35.7,33.6,33.1,33.3,2.3,1.1,207,57,9.3,16.1,8.5,8.1,1.5,13
2023,225,6,40,24.8,32.6,62,15,33,3.53,23.25,0,39.3,31.9,35.3,33.5,33.1,33.3,1.9,.6,235,63,10.9,15.9,6.8,7,1.54,13.4
2023,226,6,39.8,26.5,32.9,53,19,32,3.56,17.04,0,37,31.7,34.2,33.4,32.8,33.1,1.4,.5,50,58,6.3,16.4,5.5,5.5,1.56,13.6
2023,227,6,42.1,29.7,35.5,53,18,32,4.08,23.69,0,39.3,31.8,35.3,33,32.6,32.8,3,1.9,94,45,8.5,17.2,7.2,8.9,1.81,15.9
2023,228,6,43.5,28.6,35.1,55,16,35,3.9,21.21,0,40.3,32.6,35.9,33.2,32.8,33,2.3,.8,284,65,10.8,17,7.2,7.7,1.89,16.6
2023,229,6,43.7,28.9,35.6,62,17,34,4.08,23.92,2,40.8,31.6,35.4,33.7,33,33.3,2,.4,163,65,22.6,17,7.7,7.7,1.88,16.5
2023,230,6,40.5,26.1,32.7,78,19,42,3.11,19.83,0,32.8,28.3,30.3,33.8,32.4,33.1,2.7,.9,163,63,14.2,16.3,6.3,7.4,1.96,17.2
2023,231,6,33.7,26,28.8,69,40,55,1.81,15.76,0,29.7,26.8,28.1,32.4,31.1,31.7,3,2.2,256,42,11.1,15.9,5.1,5.7,2.18,18.9
2023,232,6,37,25.3,30.3,74,30,51,2.26,12.45,0,31,26.5,28.4,31.1,30.2,30.6,4.9,3.9,178,33,14.8,15.9,5.7,7.4,2.13,18.5
2023,233,6,30.9,22.7,27.2,87,41,64,1.36,9.88,4.6,30.5,27.1,28.7,30.3,29.9,30.1,2.1,.9,287,59,13.7,13.9,2.6,3.5,2.27,19.5
2023,234,6,38.9,21,29.3,97,22,59,2.11,25.62,0,35,25.5,29.7,29.9,29.3,29.6,1.4,.6,260,54,6.9,14.3,5.7,6.2,2.18,18.9
2023,235,6,39.9,23.5,31.8,83,20,45,2.95,23.77,0,36,27.4,31.6,30.1,29.7,29.8,3,2.5,103,29,10.9,15.4,7.8,8,1.94,17
2023,236,6,39.9,26.1,32.7,68,21,40,3.21,24.17,0,38.4,29,33.3,30.7,30.1,30.3,1,.4,111,51,4.9,16.3,6.6,5.8,1.88,16.5
2023,237,6,42.7,25.5,34.3,65,16,34,3.92,25.08,0,39.5,30,34.5,31.3,30.7,30.9,.9,.3,342,51,4.5,16.2,6.8,5.9,1.73,15.2
2023,238,6,43.2,27.1,35.3,57,18,33,4.08,24.09,0,39.6,30.9,34.9,31.8,31.3,31.5,2.8,2.1,106,39,10.6,16.7,8.2,8.7,1.82,16
2023,239,6,43.8,27.5,35.5,63,17,36,4.07,23.98,0,40.3,31.8,35.8,32.2,31.7,31.9,1.3,.8,69,45,6.2,16.8,7,6.5,1.93,16.9
2023,240,6,45.1,27.5,36.9,57,15,31,4.67,24.38,0,41.4,32.4,36.6,32.7,32.2,32.4,1.2,.2,143,65,9.5,16.8,7.2,6.5,1.83,16.1
2023,241,6,44.8,25.5,36.3,55,12,28,4.7,24.78,0,41,32.5,36.6,33,32.6,32.8,1.4,.6,171,55,5.5,16.2,6.7,6.8,1.6,14
2023,242,6,42.9,29.5,36,47,16,30,4.35,24.41,0,41,32.5,36.5,33.2,32.8,33,2.3,1.2,169,54,10.9,17.2,7.8,8,1.7,14.9
2023,243,6,41.3,21,33.5,100,19,40,3.47,23.57,21.8,40.3,32.1,36.1,33.4,33,33.2,3.2,1.6,208,55,24.2,14.5,7.9,8.3,1.91,16.8
2023,244,6,29.9,23.3,26.2,92,55,77,.81,7.25,.3,32.1,28.3,29.4,33.4,31.8,32.7,1.9,.8,157,59,6.8,13.8,1,2.5,2.6,21.7
2023,245,6,34.1,23.2,28,96,40,70,1.28,21.79,0,32.8,26.8,29.4,31.8,30.7,31.1,1.5,.7,280,53,7.9,14.7,5.3,5.1,2.58,21.6
2023,246,6,36.8,22.8,29.5,94,29,59,1.95,24.4,0,34.3,26.3,29.9,30.8,30.2,30.5,1.2,.5,270,54,5.3,14.9,6,5.6,2.29,19.7
2023,247,6,38.1,23.4,30.1,81,20,47,2.54,24.57,0,36.8,26.7,31.2,30.5,30.1,30.3,1.7,1.2,237,41,6.7,15.3,6.7,6.3,1.87,16.4
2023,248,6,39,21.1,29.6,67,9,36,3.03,25.37,0,35.9,26.5,31,30.7,30.1,30.4,2.3,1.7,181,39,7.2,14.4,6.8,7.4,1.31,11
2023,249,6,40,21.1,30,61,13,34,3.18,24.73,0,36.7,26.7,31.5,30.6,30.1,30.4,1.3,.2,151,70,6.7,14.5,6.9,6,1.29,10.7
2023,250,6,41.1,20.1,30.8,62,9,29,3.58,23.29,0,36.5,27.1,31.6,30.6,30.1,30.4,1.4,.1,279,75,4.6,14.2,6.7,6.1,1.13,8.8
2023,251,6,42.3,24,33.5,54,11,26,4.11,21.37,0,34.2,28.7,31,30.6,30.3,30.5,1.4,.2,270,71,5.1,15.7,6.6,6,1.25,10.3
2023,252,6,44.2,24.5,34.4,54,10,27,4.37,22.81,0,32.4,26.1,29.1,30.6,29.9,30.2,1.4,.5,297,62,5,16,7,6.3,1.34,11.3
2023,253,6,44.3,25.2,34.2,56,11,28,4.27,21.05,0,33.4,26,29.3,30,29.4,29.7,2,1.1,305,52,9.3,16.2,7.2,7.2,1.36,11.5
2023,254,6,40,27,33.6,51,19,30,3.81,22.16,0,35.7,27,31.1,29.8,29.4,29.6,2.4,2,268,31,9.1,16.6,7.7,7.3,1.51,13.1
2023,255,6,35.7,26.1,30.3,76,33,49,2.29,20.57,0,35,29.1,31.7,30.1,29.8,30,3.9,2.8,161,44,13.5,16.1,5.9,7.4,2.07,18
2023,256,6,36.7,23.7,29.5,75,26,50,2.25,20.98,0,35.2,28,31.3,30.2,29.8,30,3.4,2.5,85,42,9.7,15.2,6.5,7.1,1.97,17.3
2023,257,6,37.8,22.1,29.3,70,15,41,2.72,22.62,0,36.1,27.7,31.5,30.2,29.8,30,1.4,.3,51,67,4.7,14.7,6.2,5.6,1.51,13.1
2023,258,6,38.2,19.2,28.8,65,11,32,3.04,23.29,0,35.6,26.7,30.9,30.3,29.7,30,1.3,.4,150,62,5.8,13.5,6.4,5.5,1.13,8.8
2023,259,6,39.6,18.7,29.9,54,9,26,3.48,22.72,0,35.5,26.5,30.7,30.2,29.6,29.9,1.4,.4,222,62,5.9,13.5,6.6,5.7,.99,6.8
2023,260,6,39.6,21.9,31.1,44,10,23,3.76,23.23,0,35.6,27.2,31.2,30,29.6,29.8,2,1.1,187,53,6.1,14.8,7.3,6.7,.95,6.2
2023,261,6,38.3,21.9,29.5,47,6,25,3.34,23.34,0,35,27.1,30.8,30.1,29.6,29.8,2.2,1.3,211,51,7.6,14.6,7.3,6.9,.96,6.4
2023,262,6,37.1,17.7,27.9,55,6,23,3.22,23.58,0,34.2,26.1,29.9,30,29.4,29.7,1.9,1.2,170,47,7.4,12.7,6.3,6.3,.74,2.7
2023,263,6,37.4,18.8,27.9,39,8,21,3.2,19.08,0,32.8,25.9,28.9,29.7,29,29.4,3,2.6,183,30,9.1,13.2,7.1,7.6,.75,2.9
2023,264,6,36.4,16.2,27.3,42,9,21,3.11,21.3,0,30,24.7,27.4,29.3,28.7,29,2.2,1.6,196,41,8.9,11.9,7.2,6.4,.73,2.5
2023,265,6,35.3,17.7,26.7,49,8,21,2.98,18.15,0,27.4,21.2,24,28.7,27.6,28.1,1.7,.5,234,65,5.8,12.5,5.7,5.3,.67,1.3
2023,266,6,36.5,19.8,27.4,43,12,24,2.98,19.44,0,26.7,20.4,23.3,27.6,26.6,27,1.8,.3,331,69,6.1,13.6,6,5.7,.84,4.5
2023,267,6,36.3,17.9,27.3,60,14,34,2.7,22.04,0,31.1,20.8,25.5,26.7,26.2,26.5,1.2,.3,149,65,5.8,12.7,5.9,4.9,1.13,8.8
2023,268,6,38.5,16.6,27.7,62,10,29,3.02,21.88,0,32.3,22.1,27,26.9,26.4,26.7,1.3,.4,31,60,4.1,12.4,6.2,5.2,.97,6.5
2023,269,6,39.6,17.9,28.5,53,9,27,3.27,21.69,0,32.7,23.3,27.8,27.1,26.7,26.9,1.4,.4,304,63,5.8,13.1,5.7,5.4,.92,5.8
2023,270,6,39.8,16.8,28.4,57,8,23,3.39,21.51,0,32.9,23.5,28,27.4,26.9,27.2,1.2,.2,122,69,4.6,12.6,6.3,5,.78,3.4
2023,271,6,38.6,20.5,29,47,13,25,3.21,16.58,0,31.8,24.7,27.8,27.5,27.1,27.3,1.7,.5,169,66,4.9,14.1,5.2,5.4,.96,6.4
2023,272,6,38.6,14,27.5,63,8,24,3.13,21.55,0,30.3,23.3,26.7,27.5,26.9,27.2,1.8,1.1,185,50,6.7,11.3,6.8,5.9,.8,3.8
2023,273,6,36.8,16.4,27.2,44,9,20,3.13,20.87,0,24.4,19.7,22.1,27.2,26.1,26.7,4.5,3.8,197,32,13,12.1,9,9.3,.69,1.7
2023,274,6,31.9,17,23.5,61,21,40,1.84,20.13,0,28.3,19.6,23.5,26.1,25.3,25.6,1.9,1.1,259,51,10.7,11.4,5,5,1.13,8.8
2023,275,6,30.1,14.8,22.5,65,22,40,1.79,20.15,0,28.8,20.2,24.2,25.7,25.2,25.4,1.9,.9,228,58,7.3,9.7,5.1,4.7,1.04,7.5
2023,276,6,30.9,15.4,22.6,58,19,37,1.91,20.44,0,29.3,20.4,24.5,25.6,25.1,25.4,1.7,.4,199,69,6.6,10.3,4.4,4.7,.95,6.2
2023,277,6,33.7,11.7,23.3,71,13,33,2.19,20.57,0,29.7,20.4,24.8,25.5,25,25.3,1.2,.3,178,62,5.1,9.3,4.8,4.3,.87,5
2023,278,6,36.8,12.5,24.2,71,8,30,2.55,20.8,0,28.6,20.7,24.6,25.5,25,25.3,1.1,.3,327,60,4.9,10.3,5.4,4.4,.77,3.2

